######################
# INPUT STRUCTURE
######################

Nodes:
 [[ 0.   0.  -4. ]
 [ 0.   2.5 -2. ]
 [ 0.   5.   0. ]
 [ 0.   7.5  2. ]
 [ 0.  10.   4. ]
 [ 2.5  0.  -2. ]
 [ 2.5  2.5  0. ]
 [ 2.5  5.   0. ]
 [ 2.5  7.5  0. ]
 [ 2.5 10.   2. ]
 [ 5.   0.   0. ]
 [ 5.   2.5  0. ]
 [ 5.   5.   0. ]
 [ 5.   7.5  0. ]
 [ 5.  10.   0. ]
 [ 7.5  0.   2. ]
 [ 7.5  2.5  0. ]
 [ 7.5  5.   0. ]
 [ 7.5  7.5  0. ]
 [ 7.5 10.  -2. ]
 [10.   0.   4. ]
 [10.   2.5  2. ]
 [10.   5.   0. ]
 [10.   7.5 -2. ]
 [10.  10.  -4. ]]

Elements:
 [[ 1  6]
 [ 1  2]
 [ 2  7]
 [ 2  3]
 [ 3  8]
 [ 3  4]
 [ 4  9]
 [ 4  5]
 [ 5 10]
 [ 6 11]
 [ 6  7]
 [ 7 12]
 [ 7  8]
 [ 8 13]
 [ 8  9]
 [ 9 14]
 [ 9 10]
 [10 15]
 [11 16]
 [11 12]
 [12 17]
 [12 13]
 [13 18]
 [13 14]
 [14 19]
 [14 15]
 [15 20]
 [16 21]
 [16 17]
 [17 22]
 [17 18]
 [18 23]
 [18 19]
 [19 24]
 [19 20]
 [20 25]
 [21 22]
 [22 23]
 [23 24]
 [24 25]]

Elements (Preload):
 [[1]
 [1]
 [1]
 [1]
 [1]
 [1]
 [1]
 [1]
 [1]
 [1]
 [1]
 [1]
 [1]
 [1]
 [1]
 [1]
 [1]
 [1]
 [1]
 [1]
 [1]
 [1]
 [1]
 [1]
 [1]
 [1]
 [1]
 [1]
 [1]
 [1]
 [1]
 [1]
 [1]
 [1]
 [1]
 [1]
 [1]
 [1]
 [1]
 [1]]

Nodes (Loads):
 [[0. 0. 0.]
 [0. 0. 0.]
 [0. 0. 0.]
 [0. 0. 0.]
 [0. 0. 0.]
 [0. 0. 0.]
 [0. 0. 0.]
 [0. 0. 0.]
 [0. 0. 0.]
 [0. 0. 0.]
 [0. 0. 0.]
 [0. 0. 0.]
 [0. 0. 0.]
 [0. 0. 0.]
 [0. 0. 0.]
 [0. 0. 0.]
 [0. 0. 0.]
 [0. 0. 0.]
 [0. 0. 0.]
 [0. 0. 0.]
 [0. 0. 0.]
 [0. 0. 0.]
 [0. 0. 0.]
 [0. 0. 0.]
 [0. 0. 0.]]

Nodes (Fixed):
 [[1]
 [1]
 [1]
 [1]
 [1]
 [1]
 [0]
 [0]
 [0]
 [1]
 [1]
 [0]
 [0]
 [0]
 [1]
 [1]
 [0]
 [0]
 [0]
 [1]
 [1]
 [1]
 [1]
 [1]
 [1]]

######################
# INPUT STRUCTURE MATRICES
######################

p_x:
 [[0.]
 [0.]
 [0.]
 [0.]
 [0.]
 [0.]
 [0.]
 [0.]
 [0.]]

p_y:
 [[0.]
 [0.]
 [0.]
 [0.]
 [0.]
 [0.]
 [0.]
 [0.]
 [0.]]

p_z:
 [[0.]
 [0.]
 [0.]
 [0.]
 [0.]
 [0.]
 [0.]
 [0.]
 [0.]]

#-------------------------

Connectivity Matrix:
 [[ 1  0  0  0  0 -1  0  0  0  0  0  0  0  0  0  0  0  0  0  0  0  0  0  0
   0]
 [ 1 -1  0  0  0  0  0  0  0  0  0  0  0  0  0  0  0  0  0  0  0  0  0  0
   0]
 [ 0  1  0  0  0  0 -1  0  0  0  0  0  0  0  0  0  0  0  0  0  0  0  0  0
   0]
 [ 0  1 -1  0  0  0  0  0  0  0  0  0  0  0  0  0  0  0  0  0  0  0  0  0
   0]
 [ 0  0  1  0  0  0  0 -1  0  0  0  0  0  0  0  0  0  0  0  0  0  0  0  0
   0]
 [ 0  0  1 -1  0  0  0  0  0  0  0  0  0  0  0  0  0  0  0  0  0  0  0  0
   0]
 [ 0  0  0  1  0  0  0  0 -1  0  0  0  0  0  0  0  0  0  0  0  0  0  0  0
   0]
 [ 0  0  0  1 -1  0  0  0  0  0  0  0  0  0  0  0  0  0  0  0  0  0  0  0
   0]
 [ 0  0  0  0  1  0  0  0  0 -1  0  0  0  0  0  0  0  0  0  0  0  0  0  0
   0]
 [ 0  0  0  0  0  1  0  0  0  0 -1  0  0  0  0  0  0  0  0  0  0  0  0  0
   0]
 [ 0  0  0  0  0  1 -1  0  0  0  0  0  0  0  0  0  0  0  0  0  0  0  0  0
   0]
 [ 0  0  0  0  0  0  1  0  0  0  0 -1  0  0  0  0  0  0  0  0  0  0  0  0
   0]
 [ 0  0  0  0  0  0  1 -1  0  0  0  0  0  0  0  0  0  0  0  0  0  0  0  0
   0]
 [ 0  0  0  0  0  0  0  1  0  0  0  0 -1  0  0  0  0  0  0  0  0  0  0  0
   0]
 [ 0  0  0  0  0  0  0  1 -1  0  0  0  0  0  0  0  0  0  0  0  0  0  0  0
   0]
 [ 0  0  0  0  0  0  0  0  1  0  0  0  0 -1  0  0  0  0  0  0  0  0  0  0
   0]
 [ 0  0  0  0  0  0  0  0  1 -1  0  0  0  0  0  0  0  0  0  0  0  0  0  0
   0]
 [ 0  0  0  0  0  0  0  0  0  1  0  0  0  0 -1  0  0  0  0  0  0  0  0  0
   0]
 [ 0  0  0  0  0  0  0  0  0  0  1  0  0  0  0 -1  0  0  0  0  0  0  0  0
   0]
 [ 0  0  0  0  0  0  0  0  0  0  1 -1  0  0  0  0  0  0  0  0  0  0  0  0
   0]
 [ 0  0  0  0  0  0  0  0  0  0  0  1  0  0  0  0 -1  0  0  0  0  0  0  0
   0]
 [ 0  0  0  0  0  0  0  0  0  0  0  1 -1  0  0  0  0  0  0  0  0  0  0  0
   0]
 [ 0  0  0  0  0  0  0  0  0  0  0  0  1  0  0  0  0 -1  0  0  0  0  0  0
   0]
 [ 0  0  0  0  0  0  0  0  0  0  0  0  1 -1  0  0  0  0  0  0  0  0  0  0
   0]
 [ 0  0  0  0  0  0  0  0  0  0  0  0  0  1  0  0  0  0 -1  0  0  0  0  0
   0]
 [ 0  0  0  0  0  0  0  0  0  0  0  0  0  1 -1  0  0  0  0  0  0  0  0  0
   0]
 [ 0  0  0  0  0  0  0  0  0  0  0  0  0  0  1  0  0  0  0 -1  0  0  0  0
   0]
 [ 0  0  0  0  0  0  0  0  0  0  0  0  0  0  0  1  0  0  0  0 -1  0  0  0
   0]
 [ 0  0  0  0  0  0  0  0  0  0  0  0  0  0  0  1 -1  0  0  0  0  0  0  0
   0]
 [ 0  0  0  0  0  0  0  0  0  0  0  0  0  0  0  0  1  0  0  0  0 -1  0  0
   0]
 [ 0  0  0  0  0  0  0  0  0  0  0  0  0  0  0  0  1 -1  0  0  0  0  0  0
   0]
 [ 0  0  0  0  0  0  0  0  0  0  0  0  0  0  0  0  0  1  0  0  0  0 -1  0
   0]
 [ 0  0  0  0  0  0  0  0  0  0  0  0  0  0  0  0  0  1 -1  0  0  0  0  0
   0]
 [ 0  0  0  0  0  0  0  0  0  0  0  0  0  0  0  0  0  0  1  0  0  0  0 -1
   0]
 [ 0  0  0  0  0  0  0  0  0  0  0  0  0  0  0  0  0  0  1 -1  0  0  0  0
   0]
 [ 0  0  0  0  0  0  0  0  0  0  0  0  0  0  0  0  0  0  0  1  0  0  0  0
  -1]
 [ 0  0  0  0  0  0  0  0  0  0  0  0  0  0  0  0  0  0  0  0  1 -1  0  0
   0]
 [ 0  0  0  0  0  0  0  0  0  0  0  0  0  0  0  0  0  0  0  0  0  1 -1  0
   0]
 [ 0  0  0  0  0  0  0  0  0  0  0  0  0  0  0  0  0  0  0  0  0  0  1 -1
   0]
 [ 0  0  0  0  0  0  0  0  0  0  0  0  0  0  0  0  0  0  0  0  0  0  0  1
  -1]]

C (free n), m x n_free:
 [[ 0  0  0  0  0  0  0  0  0]
 [ 0  0  0  0  0  0  0  0  0]
 [-1  0  0  0  0  0  0  0  0]
 [ 0  0  0  0  0  0  0  0  0]
 [ 0 -1  0  0  0  0  0  0  0]
 [ 0  0  0  0  0  0  0  0  0]
 [ 0  0 -1  0  0  0  0  0  0]
 [ 0  0  0  0  0  0  0  0  0]
 [ 0  0  0  0  0  0  0  0  0]
 [ 0  0  0  0  0  0  0  0  0]
 [-1  0  0  0  0  0  0  0  0]
 [ 1  0  0 -1  0  0  0  0  0]
 [ 1 -1  0  0  0  0  0  0  0]
 [ 0  1  0  0 -1  0  0  0  0]
 [ 0  1 -1  0  0  0  0  0  0]
 [ 0  0  1  0  0 -1  0  0  0]
 [ 0  0  1  0  0  0  0  0  0]
 [ 0  0  0  0  0  0  0  0  0]
 [ 0  0  0  0  0  0  0  0  0]
 [ 0  0  0 -1  0  0  0  0  0]
 [ 0  0  0  1  0  0 -1  0  0]
 [ 0  0  0  1 -1  0  0  0  0]
 [ 0  0  0  0  1  0  0 -1  0]
 [ 0  0  0  0  1 -1  0  0  0]
 [ 0  0  0  0  0  1  0  0 -1]
 [ 0  0  0  0  0  1  0  0  0]
 [ 0  0  0  0  0  0  0  0  0]
 [ 0  0  0  0  0  0  0  0  0]
 [ 0  0  0  0  0  0 -1  0  0]
 [ 0  0  0  0  0  0  1  0  0]
 [ 0  0  0  0  0  0  1 -1  0]
 [ 0  0  0  0  0  0  0  1  0]
 [ 0  0  0  0  0  0  0  1 -1]
 [ 0  0  0  0  0  0  0  0  1]
 [ 0  0  0  0  0  0  0  0  1]
 [ 0  0  0  0  0  0  0  0  0]
 [ 0  0  0  0  0  0  0  0  0]
 [ 0  0  0  0  0  0  0  0  0]
 [ 0  0  0  0  0  0  0  0  0]
 [ 0  0  0  0  0  0  0  0  0]]

Cf (fixed n), m x n_fixed:
 [[ 1  0  0  0  0 -1  0  0  0  0  0  0  0  0  0  0]
 [ 1 -1  0  0  0  0  0  0  0  0  0  0  0  0  0  0]
 [ 0  1  0  0  0  0  0  0  0  0  0  0  0  0  0  0]
 [ 0  1 -1  0  0  0  0  0  0  0  0  0  0  0  0  0]
 [ 0  0  1  0  0  0  0  0  0  0  0  0  0  0  0  0]
 [ 0  0  1 -1  0  0  0  0  0  0  0  0  0  0  0  0]
 [ 0  0  0  1  0  0  0  0  0  0  0  0  0  0  0  0]
 [ 0  0  0  1 -1  0  0  0  0  0  0  0  0  0  0  0]
 [ 0  0  0  0  1  0 -1  0  0  0  0  0  0  0  0  0]
 [ 0  0  0  0  0  1  0 -1  0  0  0  0  0  0  0  0]
 [ 0  0  0  0  0  1  0  0  0  0  0  0  0  0  0  0]
 [ 0  0  0  0  0  0  0  0  0  0  0  0  0  0  0  0]
 [ 0  0  0  0  0  0  0  0  0  0  0  0  0  0  0  0]
 [ 0  0  0  0  0  0  0  0  0  0  0  0  0  0  0  0]
 [ 0  0  0  0  0  0  0  0  0  0  0  0  0  0  0  0]
 [ 0  0  0  0  0  0  0  0  0  0  0  0  0  0  0  0]
 [ 0  0  0  0  0  0 -1  0  0  0  0  0  0  0  0  0]
 [ 0  0  0  0  0  0  1  0 -1  0  0  0  0  0  0  0]
 [ 0  0  0  0  0  0  0  1  0 -1  0  0  0  0  0  0]
 [ 0  0  0  0  0  0  0  1  0  0  0  0  0  0  0  0]
 [ 0  0  0  0  0  0  0  0  0  0  0  0  0  0  0  0]
 [ 0  0  0  0  0  0  0  0  0  0  0  0  0  0  0  0]
 [ 0  0  0  0  0  0  0  0  0  0  0  0  0  0  0  0]
 [ 0  0  0  0  0  0  0  0  0  0  0  0  0  0  0  0]
 [ 0  0  0  0  0  0  0  0  0  0  0  0  0  0  0  0]
 [ 0  0  0  0  0  0  0  0 -1  0  0  0  0  0  0  0]
 [ 0  0  0  0  0  0  0  0  1  0 -1  0  0  0  0  0]
 [ 0  0  0  0  0  0  0  0  0  1  0 -1  0  0  0  0]
 [ 0  0  0  0  0  0  0  0  0  1  0  0  0  0  0  0]
 [ 0  0  0  0  0  0  0  0  0  0  0  0 -1  0  0  0]
 [ 0  0  0  0  0  0  0  0  0  0  0  0  0  0  0  0]
 [ 0  0  0  0  0  0  0  0  0  0  0  0  0 -1  0  0]
 [ 0  0  0  0  0  0  0  0  0  0  0  0  0  0  0  0]
 [ 0  0  0  0  0  0  0  0  0  0  0  0  0  0 -1  0]
 [ 0  0  0  0  0  0  0  0  0  0 -1  0  0  0  0  0]
 [ 0  0  0  0  0  0  0  0  0  0  1  0  0  0  0 -1]
 [ 0  0  0  0  0  0  0  0  0  0  0  1 -1  0  0  0]
 [ 0  0  0  0  0  0  0  0  0  0  0  0  1 -1  0  0]
 [ 0  0  0  0  0  0  0  0  0  0  0  0  0  1 -1  0]
 [ 0  0  0  0  0  0  0  0  0  0  0  0  0  0  1 -1]]

######################
# ITERATION: 1
# SOLVER: DR_imp
######################

#-------------------------

Force, [m x m] -> [m x 1]:
 [3.20156212 3.20156212 3.20156212 3.20156212 2.5        3.20156212
 3.20156212 3.20156212 3.20156212 3.20156212 3.20156212 2.5
 2.5        2.5        2.5        2.5        3.20156212 3.20156212
 3.20156212 2.5        2.5        2.5        2.5        2.5
 2.5        2.5        3.20156212 3.20156212 3.20156212 3.20156212
 2.5        2.5        2.5        3.20156212 3.20156212 3.20156212
 3.20156212 3.20156212 3.20156212 3.20156212]

Force Density, [m x m] -> [m x 1]:
 [1. 1. 1. 1. 1. 1. 1. 1. 1. 1. 1. 1. 1. 1. 1. 1. 1. 1. 1. 1. 1. 1. 1. 1.
 1. 1. 1. 1. 1. 1. 1. 1. 1. 1. 1. 1. 1. 1. 1. 1.]

#-------------------------

Element K_g, diag:
 [1. 1. 1. 1. 1. 1. 1. 1. 1. 1. 1. 1. 1. 1. 1. 1. 1. 1. 1. 1. 1. 1. 1. 1.
 1. 1. 1. 1. 1. 1. 1. 1. 1. 1. 1. 1. 1. 1. 1. 1.]

Element K_e, diag:
 [1. 1. 1. 1. 1. 1. 1. 1. 1. 1. 1. 1. 1. 1. 1. 1. 1. 1. 1. 1. 1. 1. 1. 1.
 1. 1. 1. 1. 1. 1. 1. 1. 1. 1. 1. 1. 1. 1. 1. 1.]

K (free nodes):
 [[ 8. -2.  0. -2.  0.  0.  0.  0.  0.]
 [-2.  8. -2.  0. -2.  0.  0.  0.  0.]
 [ 0. -2.  8.  0.  0. -2.  0.  0.  0.]
 [-2.  0.  0.  8. -2.  0. -2.  0.  0.]
 [ 0. -2.  0. -2.  8. -2.  0. -2.  0.]
 [ 0.  0. -2.  0. -2.  8.  0.  0. -2.]
 [ 0.  0.  0. -2.  0.  0.  8. -2.  0.]
 [ 0.  0.  0.  0. -2.  0. -2.  8. -2.]
 [ 0.  0.  0.  0.  0. -2.  0. -2.  8.]]

K (free nodes), diag:
 [8. 8. 8. 8. 8. 8. 8. 8. 8.]

#-------------------------

v_x:
 [[0.]
 [0.]
 [0.]
 [0.]
 [0.]
 [0.]
 [0.]
 [0.]
 [0.]]

v_y:
 [[0.]
 [0.]
 [0.]
 [0.]
 [0.]
 [0.]
 [0.]
 [0.]
 [0.]]

v_z:
 [[-1.00000000e+01]
 [-8.32667268e-16]
 [ 1.00000000e+01]
 [ 0.00000000e+00]
 [ 0.00000000e+00]
 [ 5.55111512e-16]
 [ 1.00000000e+01]
 [ 5.55111512e-16]
 [-1.00000000e+01]]


KINETIC ENERGY: 8.000000000000002

#-------------------------

d_x [n_free x 1]:
 [[0.]
 [0.]
 [0.]
 [0.]
 [0.]
 [0.]
 [0.]
 [0.]
 [0.]]

d_y [n_free x 1]:
 [[0.]
 [0.]
 [0.]
 [0.]
 [0.]
 [0.]
 [0.]
 [0.]
 [0.]]

d_z [n_free x 1]:
 [[-1.00000000e+00]
 [-8.32667268e-17]
 [ 1.00000000e+00]
 [ 0.00000000e+00]
 [ 0.00000000e+00]
 [ 5.55111512e-17]
 [ 1.00000000e+00]
 [ 5.55111512e-17]
 [-1.00000000e+00]]

#-------------------------

nodes new []:
 [[ 0.00000000e+00  0.00000000e+00 -4.00000000e+00]
 [ 0.00000000e+00  2.50000000e+00 -2.00000000e+00]
 [ 0.00000000e+00  5.00000000e+00  0.00000000e+00]
 [ 0.00000000e+00  7.50000000e+00  2.00000000e+00]
 [ 0.00000000e+00  1.00000000e+01  4.00000000e+00]
 [ 2.50000000e+00  0.00000000e+00 -2.00000000e+00]
 [ 2.50000000e+00  2.50000000e+00 -1.00000000e+00]
 [ 2.50000000e+00  5.00000000e+00 -8.32667268e-17]
 [ 2.50000000e+00  7.50000000e+00  1.00000000e+00]
 [ 2.50000000e+00  1.00000000e+01  2.00000000e+00]
 [ 5.00000000e+00  0.00000000e+00  0.00000000e+00]
 [ 5.00000000e+00  2.50000000e+00  0.00000000e+00]
 [ 5.00000000e+00  5.00000000e+00  0.00000000e+00]
 [ 5.00000000e+00  7.50000000e+00  5.55111512e-17]
 [ 5.00000000e+00  1.00000000e+01  0.00000000e+00]
 [ 7.50000000e+00  0.00000000e+00  2.00000000e+00]
 [ 7.50000000e+00  2.50000000e+00  1.00000000e+00]
 [ 7.50000000e+00  5.00000000e+00  5.55111512e-17]
 [ 7.50000000e+00  7.50000000e+00 -1.00000000e+00]
 [ 7.50000000e+00  1.00000000e+01 -2.00000000e+00]
 [ 1.00000000e+01  0.00000000e+00  4.00000000e+00]
 [ 1.00000000e+01  2.50000000e+00  2.00000000e+00]
 [ 1.00000000e+01  5.00000000e+00  0.00000000e+00]
 [ 1.00000000e+01  7.50000000e+00 -2.00000000e+00]
 [ 1.00000000e+01  1.00000000e+01 -4.00000000e+00]]


#-------------------------
Total Len = 330.000,
Max error = 16.000

######################
# ITERATION: 2
# SOLVER: DR_imp
######################

#-------------------------

Force, [m x m] -> [m x 1]:
 [3.20156212 3.20156212 2.6925824  3.20156212 2.5        3.20156212
 2.6925824  3.20156212 3.20156212 3.20156212 2.6925824  2.6925824
 2.6925824  2.5        2.6925824  2.6925824  2.6925824  3.20156212
 3.20156212 2.5        2.6925824  2.5        2.5        2.5
 2.6925824  2.5        3.20156212 3.20156212 2.6925824  2.6925824
 2.6925824  2.5        2.6925824  2.6925824  2.6925824  3.20156212
 3.20156212 3.20156212 3.20156212 3.20156212]

Force Density, [m x m] -> [m x 1]:
 [1. 1. 1. 1. 1. 1. 1. 1. 1. 1. 1. 1. 1. 1. 1. 1. 1. 1. 1. 1. 1. 1. 1. 1.
 1. 1. 1. 1. 1. 1. 1. 1. 1. 1. 1. 1. 1. 1. 1. 1.]

#-------------------------

Element K_g, diag:
 [1. 1. 1. 1. 1. 1. 1. 1. 1. 1. 1. 1. 1. 1. 1. 1. 1. 1. 1. 1. 1. 1. 1. 1.
 1. 1. 1. 1. 1. 1. 1. 1. 1. 1. 1. 1. 1. 1. 1. 1.]

Element K_e, diag:
 [1. 1. 1. 1. 1. 1. 1. 1. 1. 1. 1. 1. 1. 1. 1. 1. 1. 1. 1. 1. 1. 1. 1. 1.
 1. 1. 1. 1. 1. 1. 1. 1. 1. 1. 1. 1. 1. 1. 1. 1.]

K (free nodes):
 [[ 8. -2.  0. -2.  0.  0.  0.  0.  0.]
 [-2.  8. -2.  0. -2.  0.  0.  0.  0.]
 [ 0. -2.  8.  0.  0. -2.  0.  0.  0.]
 [-2.  0.  0.  8. -2.  0. -2.  0.  0.]
 [ 0. -2.  0. -2.  8. -2.  0. -2.  0.]
 [ 0.  0. -2.  0. -2.  8.  0.  0. -2.]
 [ 0.  0.  0. -2.  0.  0.  8. -2.  0.]
 [ 0.  0.  0.  0. -2.  0. -2.  8. -2.]
 [ 0.  0.  0.  0.  0. -2.  0. -2.  8.]]

K (free nodes), diag:
 [8. 8. 8. 8. 8. 8. 8. 8. 8.]

#-------------------------

v_x:
 [[ 1.07057220e-15]
 [-1.18952467e-15]
 [-1.94289029e-15]
 [-3.40997072e-15]
 [-3.88578059e-15]
 [-6.58203650e-15]
 [-1.94289029e-15]
 [-4.36159045e-15]
 [-1.16176909e-14]]

v_y:
 [[-9.86314205e-16]
 [-1.52160031e-15]
 [-1.42247325e-15]
 [-2.42365651e-15]
 [-3.67761377e-15]
 [-4.16829270e-15]
 [-2.25514052e-15]
 [-6.59690556e-15]
 [-1.15730838e-14]]

v_z:
 [[ 1.33573708e-15]
 [ 8.97099855e-16]
 [ 6.69107626e-17]
 [ 4.95635279e-18]
 [-3.46944695e-17]
 [-6.29456804e-16]
 [-1.70994171e-16]
 [-6.88933038e-16]
 [-3.29597460e-16]]


KINETIC ENERGY: 9.247699491888767e-30

#-------------------------

d_x [n_free x 1]:
 [[ 1.07057220e-16]
 [-1.18952467e-16]
 [-1.94289029e-16]
 [-3.40997072e-16]
 [-3.88578059e-16]
 [-6.58203650e-16]
 [-1.94289029e-16]
 [-4.36159045e-16]
 [-1.16176909e-15]]

d_y [n_free x 1]:
 [[-9.86314205e-17]
 [-1.52160031e-16]
 [-1.42247325e-16]
 [-2.42365651e-16]
 [-3.67761377e-16]
 [-4.16829270e-16]
 [-2.25514052e-16]
 [-6.59690556e-16]
 [-1.15730838e-15]]

d_z [n_free x 1]:
 [[ 1.33573708e-16]
 [ 8.97099855e-17]
 [ 6.69107626e-18]
 [ 4.95635279e-19]
 [-3.46944695e-18]
 [-6.29456804e-17]
 [-1.70994171e-17]
 [-6.88933038e-17]
 [-3.29597460e-17]]

#-------------------------

nodes new []:
 [[ 0.00000000e+00  0.00000000e+00 -4.00000000e+00]
 [ 0.00000000e+00  2.50000000e+00 -2.00000000e+00]
 [ 0.00000000e+00  5.00000000e+00  0.00000000e+00]
 [ 0.00000000e+00  7.50000000e+00  2.00000000e+00]
 [ 0.00000000e+00  1.00000000e+01  4.00000000e+00]
 [ 2.50000000e+00  0.00000000e+00 -2.00000000e+00]
 [ 2.50000000e+00  2.50000000e+00 -1.00000000e+00]
 [ 2.50000000e+00  5.00000000e+00  6.44325863e-18]
 [ 2.50000000e+00  7.50000000e+00  1.00000000e+00]
 [ 2.50000000e+00  1.00000000e+01  2.00000000e+00]
 [ 5.00000000e+00  0.00000000e+00  0.00000000e+00]
 [ 5.00000000e+00  2.50000000e+00  4.95635279e-19]
 [ 5.00000000e+00  5.00000000e+00 -3.46944695e-18]
 [ 5.00000000e+00  7.50000000e+00 -7.43452918e-18]
 [ 5.00000000e+00  1.00000000e+01  0.00000000e+00]
 [ 7.50000000e+00  0.00000000e+00  2.00000000e+00]
 [ 7.50000000e+00  2.50000000e+00  1.00000000e+00]
 [ 7.50000000e+00  5.00000000e+00 -1.33821525e-17]
 [ 7.50000000e+00  7.50000000e+00 -1.00000000e+00]
 [ 7.50000000e+00  1.00000000e+01 -2.00000000e+00]
 [ 1.00000000e+01  0.00000000e+00  4.00000000e+00]
 [ 1.00000000e+01  2.50000000e+00  2.00000000e+00]
 [ 1.00000000e+01  5.00000000e+00  0.00000000e+00]
 [ 1.00000000e+01  7.50000000e+00 -2.00000000e+00]
 [ 1.00000000e+01  1.00000000e+01 -4.00000000e+00]]


#-------------------------
Total Len = 330.000,
Max error = 0.000

######################
# ITERATION: 3
# SOLVER: DR_imp
######################

######################
# FINAL STRUCTURE
######################

Final Nodes:
 [[ 0.00000000e+00  0.00000000e+00 -4.00000000e+00]
 [ 0.00000000e+00  2.50000000e+00 -2.00000000e+00]
 [ 0.00000000e+00  5.00000000e+00  0.00000000e+00]
 [ 0.00000000e+00  7.50000000e+00  2.00000000e+00]
 [ 0.00000000e+00  1.00000000e+01  4.00000000e+00]
 [ 2.50000000e+00  0.00000000e+00 -2.00000000e+00]
 [ 2.50000000e+00  2.50000000e+00 -1.00000000e+00]
 [ 2.50000000e+00  5.00000000e+00  6.44325863e-18]
 [ 2.50000000e+00  7.50000000e+00  1.00000000e+00]
 [ 2.50000000e+00  1.00000000e+01  2.00000000e+00]
 [ 5.00000000e+00  0.00000000e+00  0.00000000e+00]
 [ 5.00000000e+00  2.50000000e+00  4.95635279e-19]
 [ 5.00000000e+00  5.00000000e+00 -3.46944695e-18]
 [ 5.00000000e+00  7.50000000e+00 -7.43452918e-18]
 [ 5.00000000e+00  1.00000000e+01  0.00000000e+00]
 [ 7.50000000e+00  0.00000000e+00  2.00000000e+00]
 [ 7.50000000e+00  2.50000000e+00  1.00000000e+00]
 [ 7.50000000e+00  5.00000000e+00 -1.33821525e-17]
 [ 7.50000000e+00  7.50000000e+00 -1.00000000e+00]
 [ 7.50000000e+00  1.00000000e+01 -2.00000000e+00]
 [ 1.00000000e+01  0.00000000e+00  4.00000000e+00]
 [ 1.00000000e+01  2.50000000e+00  2.00000000e+00]
 [ 1.00000000e+01  5.00000000e+00  0.00000000e+00]
 [ 1.00000000e+01  7.50000000e+00 -2.00000000e+00]
 [ 1.00000000e+01  1.00000000e+01 -4.00000000e+00]]

Final Element Lengths:
 [3.20156212 3.20156212 2.6925824  3.20156212 2.5        3.20156212
 2.6925824  3.20156212 3.20156212 3.20156212 2.6925824  2.6925824
 2.6925824  2.5        2.6925824  2.6925824  2.6925824  3.20156212
 3.20156212 2.5        2.6925824  2.5        2.5        2.5
 2.6925824  2.5        3.20156212 3.20156212 2.6925824  2.6925824
 2.6925824  2.5        2.6925824  2.6925824  2.6925824  3.20156212
 3.20156212 3.20156212 3.20156212 3.20156212]

Final Element Forces:
 [3.20156212 3.20156212 2.6925824  3.20156212 2.5        3.20156212
 2.6925824  3.20156212 3.20156212 3.20156212 2.6925824  2.6925824
 2.6925824  2.5        2.6925824  2.6925824  2.6925824  3.20156212
 3.20156212 2.5        2.6925824  2.5        2.5        2.5
 2.6925824  2.5        3.20156212 3.20156212 2.6925824  2.6925824
 2.6925824  2.5        2.6925824  2.6925824  2.6925824  3.20156212
 3.20156212 3.20156212 3.20156212 3.20156212]

Final Element Force Densities:
 [1. 1. 1. 1. 1. 1. 1. 1. 1. 1. 1. 1. 1. 1. 1. 1. 1. 1. 1. 1. 1. 1. 1. 1.
 1. 1. 1. 1. 1. 1. 1. 1. 1. 1. 1. 1. 1. 1. 1. 1.]

Final Element Forces (f/f_avg):
 [1.12034482 1.12034482 0.94223402 1.12034482 0.87484232 1.12034482
 0.94223402 1.12034482 1.12034482 1.12034482 0.94223402 0.94223402
 0.94223402 0.87484232 0.94223402 0.94223402 0.94223402 1.12034482
 1.12034482 0.87484232 0.94223402 0.87484232 0.87484232 0.87484232
 0.94223402 0.87484232 1.12034482 1.12034482 0.94223402 0.94223402
 0.94223402 0.87484232 0.94223402 0.94223402 0.94223402 1.12034482
 1.12034482 1.12034482 1.12034482 1.12034482]
