######################
# INPUT STRUCTURE
######################

Nodes:
 [[0. 0. 0.]
 [1. 0. 0.]
 [2. 0. 0.]
 [3. 0. 0.]
 [4. 0. 0.]
 [5. 0. 0.]
 [0. 1. 0.]
 [1. 1. 0.]
 [2. 1. 0.]
 [3. 1. 0.]
 [4. 1. 0.]
 [5. 1. 0.]
 [0. 2. 0.]
 [1. 2. 0.]
 [2. 2. 0.]
 [3. 2. 0.]
 [4. 2. 0.]
 [5. 2. 0.]
 [0. 3. 0.]
 [1. 3. 0.]
 [2. 3. 0.]
 [3. 3. 0.]
 [4. 3. 0.]
 [5. 3. 0.]
 [0. 4. 0.]
 [1. 4. 0.]
 [2. 4. 0.]
 [3. 4. 0.]
 [4. 4. 0.]
 [5. 4. 0.]]

Elements:
 [[ 1  2]
 [ 1  7]
 [ 2  3]
 [ 2  8]
 [ 3  4]
 [ 3  9]
 [ 4  5]
 [ 4 10]
 [ 5  6]
 [ 5 11]
 [ 6 12]
 [ 7  8]
 [ 7 13]
 [ 8  9]
 [ 8 14]
 [ 9 10]
 [ 9 15]
 [10 11]
 [10 16]
 [11 12]
 [11 17]
 [12 18]
 [13 14]
 [13 19]
 [14 15]
 [14 20]
 [15 16]
 [15 21]
 [16 17]
 [16 22]
 [17 18]
 [17 23]
 [18 24]
 [19 20]
 [19 25]
 [20 21]
 [20 26]
 [21 22]
 [21 27]
 [22 23]
 [22 28]
 [23 24]
 [23 29]
 [24 30]
 [25 26]
 [26 27]
 [27 28]
 [28 29]
 [29 30]]

Elements (Preload):
 [[1]
 [1]
 [1]
 [1]
 [1]
 [1]
 [1]
 [1]
 [1]
 [1]
 [1]
 [1]
 [1]
 [1]
 [1]
 [1]
 [1]
 [1]
 [1]
 [1]
 [1]
 [1]
 [1]
 [1]
 [1]
 [1]
 [1]
 [1]
 [1]
 [1]
 [1]
 [1]
 [1]
 [1]
 [1]
 [1]
 [1]
 [1]
 [1]
 [1]
 [1]
 [1]
 [1]
 [1]
 [1]
 [1]
 [1]
 [1]
 [1]]

Nodes (Loads):
 [[  0.   0.   0.]
 [  0.   0.   0.]
 [  0.   0.   0.]
 [  0.   0.   0.]
 [  0.   0.   0.]
 [  0.   0.   0.]
 [  0.   0.   0.]
 [  0.   0.   0.]
 [  0.   0.   0.]
 [  0.   0.   0.]
 [  0.   0.   0.]
 [  0.   0.   0.]
 [  0.   0.   0.]
 [  0.   0.   0.]
 [  0.   0.   0.]
 [  0.   0.   0.]
 [  1.   0. -10.]
 [  0.   0.   0.]
 [  0.   0.   0.]
 [  0.   0.   0.]
 [  0.   0.   0.]
 [  0.   0.   0.]
 [  0.   0.   0.]
 [  0.   0.   0.]
 [  0.   0.   0.]
 [  0.   0.   0.]
 [  0.   0.   0.]
 [  0.   0.   0.]
 [  0.   0.   0.]
 [  0.   0.   0.]]

Nodes (Fixed):
 [[1]
 [1]
 [1]
 [1]
 [1]
 [1]
 [1]
 [0]
 [0]
 [0]
 [0]
 [1]
 [1]
 [0]
 [0]
 [0]
 [0]
 [1]
 [1]
 [0]
 [0]
 [0]
 [0]
 [1]
 [1]
 [1]
 [1]
 [1]
 [1]
 [1]]

######################
# INPUT STRUCTURE MATRICES
######################

p_x:
 [[0.]
 [0.]
 [0.]
 [0.]
 [0.]
 [0.]
 [0.]
 [1.]
 [0.]
 [0.]
 [0.]
 [0.]]

p_y:
 [[0.]
 [0.]
 [0.]
 [0.]
 [0.]
 [0.]
 [0.]
 [0.]
 [0.]
 [0.]
 [0.]
 [0.]]

p_z:
 [[  0.]
 [  0.]
 [  0.]
 [  0.]
 [  0.]
 [  0.]
 [  0.]
 [-10.]
 [  0.]
 [  0.]
 [  0.]
 [  0.]]

#-------------------------

Connectivity Matrix:
 [[ 1 -1  0 ...  0  0  0]
 [ 1  0  0 ...  0  0  0]
 [ 0  1 -1 ...  0  0  0]
 ...
 [ 0  0  0 ... -1  0  0]
 [ 0  0  0 ...  1 -1  0]
 [ 0  0  0 ...  0  1 -1]]

C (free n), m x n_free:
 [[ 0  0  0  0  0  0  0  0  0  0  0  0]
 [ 0  0  0  0  0  0  0  0  0  0  0  0]
 [ 0  0  0  0  0  0  0  0  0  0  0  0]
 [-1  0  0  0  0  0  0  0  0  0  0  0]
 [ 0  0  0  0  0  0  0  0  0  0  0  0]
 [ 0 -1  0  0  0  0  0  0  0  0  0  0]
 [ 0  0  0  0  0  0  0  0  0  0  0  0]
 [ 0  0 -1  0  0  0  0  0  0  0  0  0]
 [ 0  0  0  0  0  0  0  0  0  0  0  0]
 [ 0  0  0 -1  0  0  0  0  0  0  0  0]
 [ 0  0  0  0  0  0  0  0  0  0  0  0]
 [-1  0  0  0  0  0  0  0  0  0  0  0]
 [ 0  0  0  0  0  0  0  0  0  0  0  0]
 [ 1 -1  0  0  0  0  0  0  0  0  0  0]
 [ 1  0  0  0 -1  0  0  0  0  0  0  0]
 [ 0  1 -1  0  0  0  0  0  0  0  0  0]
 [ 0  1  0  0  0 -1  0  0  0  0  0  0]
 [ 0  0  1 -1  0  0  0  0  0  0  0  0]
 [ 0  0  1  0  0  0 -1  0  0  0  0  0]
 [ 0  0  0  1  0  0  0  0  0  0  0  0]
 [ 0  0  0  1  0  0  0 -1  0  0  0  0]
 [ 0  0  0  0  0  0  0  0  0  0  0  0]
 [ 0  0  0  0 -1  0  0  0  0  0  0  0]
 [ 0  0  0  0  0  0  0  0  0  0  0  0]
 [ 0  0  0  0  1 -1  0  0  0  0  0  0]
 [ 0  0  0  0  1  0  0  0 -1  0  0  0]
 [ 0  0  0  0  0  1 -1  0  0  0  0  0]
 [ 0  0  0  0  0  1  0  0  0 -1  0  0]
 [ 0  0  0  0  0  0  1 -1  0  0  0  0]
 [ 0  0  0  0  0  0  1  0  0  0 -1  0]
 [ 0  0  0  0  0  0  0  1  0  0  0  0]
 [ 0  0  0  0  0  0  0  1  0  0  0 -1]
 [ 0  0  0  0  0  0  0  0  0  0  0  0]
 [ 0  0  0  0  0  0  0  0 -1  0  0  0]
 [ 0  0  0  0  0  0  0  0  0  0  0  0]
 [ 0  0  0  0  0  0  0  0  1 -1  0  0]
 [ 0  0  0  0  0  0  0  0  1  0  0  0]
 [ 0  0  0  0  0  0  0  0  0  1 -1  0]
 [ 0  0  0  0  0  0  0  0  0  1  0  0]
 [ 0  0  0  0  0  0  0  0  0  0  1 -1]
 [ 0  0  0  0  0  0  0  0  0  0  1  0]
 [ 0  0  0  0  0  0  0  0  0  0  0  1]
 [ 0  0  0  0  0  0  0  0  0  0  0  1]
 [ 0  0  0  0  0  0  0  0  0  0  0  0]
 [ 0  0  0  0  0  0  0  0  0  0  0  0]
 [ 0  0  0  0  0  0  0  0  0  0  0  0]
 [ 0  0  0  0  0  0  0  0  0  0  0  0]
 [ 0  0  0  0  0  0  0  0  0  0  0  0]
 [ 0  0  0  0  0  0  0  0  0  0  0  0]]

Cf (fixed n), m x n_fixed:
 [[ 1 -1  0  0  0  0  0  0  0  0  0  0  0  0  0  0  0  0]
 [ 1  0  0  0  0  0 -1  0  0  0  0  0  0  0  0  0  0  0]
 [ 0  1 -1  0  0  0  0  0  0  0  0  0  0  0  0  0  0  0]
 [ 0  1  0  0  0  0  0  0  0  0  0  0  0  0  0  0  0  0]
 [ 0  0  1 -1  0  0  0  0  0  0  0  0  0  0  0  0  0  0]
 [ 0  0  1  0  0  0  0  0  0  0  0  0  0  0  0  0  0  0]
 [ 0  0  0  1 -1  0  0  0  0  0  0  0  0  0  0  0  0  0]
 [ 0  0  0  1  0  0  0  0  0  0  0  0  0  0  0  0  0  0]
 [ 0  0  0  0  1 -1  0  0  0  0  0  0  0  0  0  0  0  0]
 [ 0  0  0  0  1  0  0  0  0  0  0  0  0  0  0  0  0  0]
 [ 0  0  0  0  0  1  0 -1  0  0  0  0  0  0  0  0  0  0]
 [ 0  0  0  0  0  0  1  0  0  0  0  0  0  0  0  0  0  0]
 [ 0  0  0  0  0  0  1  0 -1  0  0  0  0  0  0  0  0  0]
 [ 0  0  0  0  0  0  0  0  0  0  0  0  0  0  0  0  0  0]
 [ 0  0  0  0  0  0  0  0  0  0  0  0  0  0  0  0  0  0]
 [ 0  0  0  0  0  0  0  0  0  0  0  0  0  0  0  0  0  0]
 [ 0  0  0  0  0  0  0  0  0  0  0  0  0  0  0  0  0  0]
 [ 0  0  0  0  0  0  0  0  0  0  0  0  0  0  0  0  0  0]
 [ 0  0  0  0  0  0  0  0  0  0  0  0  0  0  0  0  0  0]
 [ 0  0  0  0  0  0  0 -1  0  0  0  0  0  0  0  0  0  0]
 [ 0  0  0  0  0  0  0  0  0  0  0  0  0  0  0  0  0  0]
 [ 0  0  0  0  0  0  0  1  0 -1  0  0  0  0  0  0  0  0]
 [ 0  0  0  0  0  0  0  0  1  0  0  0  0  0  0  0  0  0]
 [ 0  0  0  0  0  0  0  0  1  0 -1  0  0  0  0  0  0  0]
 [ 0  0  0  0  0  0  0  0  0  0  0  0  0  0  0  0  0  0]
 [ 0  0  0  0  0  0  0  0  0  0  0  0  0  0  0  0  0  0]
 [ 0  0  0  0  0  0  0  0  0  0  0  0  0  0  0  0  0  0]
 [ 0  0  0  0  0  0  0  0  0  0  0  0  0  0  0  0  0  0]
 [ 0  0  0  0  0  0  0  0  0  0  0  0  0  0  0  0  0  0]
 [ 0  0  0  0  0  0  0  0  0  0  0  0  0  0  0  0  0  0]
 [ 0  0  0  0  0  0  0  0  0 -1  0  0  0  0  0  0  0  0]
 [ 0  0  0  0  0  0  0  0  0  0  0  0  0  0  0  0  0  0]
 [ 0  0  0  0  0  0  0  0  0  1  0 -1  0  0  0  0  0  0]
 [ 0  0  0  0  0  0  0  0  0  0  1  0  0  0  0  0  0  0]
 [ 0  0  0  0  0  0  0  0  0  0  1  0 -1  0  0  0  0  0]
 [ 0  0  0  0  0  0  0  0  0  0  0  0  0  0  0  0  0  0]
 [ 0  0  0  0  0  0  0  0  0  0  0  0  0 -1  0  0  0  0]
 [ 0  0  0  0  0  0  0  0  0  0  0  0  0  0  0  0  0  0]
 [ 0  0  0  0  0  0  0  0  0  0  0  0  0  0 -1  0  0  0]
 [ 0  0  0  0  0  0  0  0  0  0  0  0  0  0  0  0  0  0]
 [ 0  0  0  0  0  0  0  0  0  0  0  0  0  0  0 -1  0  0]
 [ 0  0  0  0  0  0  0  0  0  0  0 -1  0  0  0  0  0  0]
 [ 0  0  0  0  0  0  0  0  0  0  0  0  0  0  0  0 -1  0]
 [ 0  0  0  0  0  0  0  0  0  0  0  1  0  0  0  0  0 -1]
 [ 0  0  0  0  0  0  0  0  0  0  0  0  1 -1  0  0  0  0]
 [ 0  0  0  0  0  0  0  0  0  0  0  0  0  1 -1  0  0  0]
 [ 0  0  0  0  0  0  0  0  0  0  0  0  0  0  1 -1  0  0]
 [ 0  0  0  0  0  0  0  0  0  0  0  0  0  0  0  1 -1  0]
 [ 0  0  0  0  0  0  0  0  0  0  0  0  0  0  0  0  1 -1]]

######################
# ITERATION: 0
# SOLVER: DR_imp
######################

#-------------------------

Force, [m x m] -> [m x 1]:
 [1. 1. 1. 1. 1. 1. 1. 1. 1. 1. 1. 1. 1. 1. 1. 1. 1. 1. 1. 1. 1. 1. 1. 1.
 1. 1. 1. 1. 1. 1. 1. 1. 1. 1. 1. 1. 1. 1. 1. 1. 1. 1. 1. 1. 1. 1. 1. 1.
 1.]

Force Density, [m x m] -> [m x 1]:
 [1. 1. 1. 1. 1. 1. 1. 1. 1. 1. 1. 1. 1. 1. 1. 1. 1. 1. 1. 1. 1. 1. 1. 1.
 1. 1. 1. 1. 1. 1. 1. 1. 1. 1. 1. 1. 1. 1. 1. 1. 1. 1. 1. 1. 1. 1. 1. 1.
 1.]

#-------------------------

Element K_g, diag:
 [1. 1. 1. 1. 1. 1. 1. 1. 1. 1. 1. 1. 1. 1. 1. 1. 1. 1. 1. 1. 1. 1. 1. 1.
 1. 1. 1. 1. 1. 1. 1. 1. 1. 1. 1. 1. 1. 1. 1. 1. 1. 1. 1. 1. 1. 1. 1. 1.
 1.]

Element K_e, diag:
 [1. 1. 1. 1. 1. 1. 1. 1. 1. 1. 1. 1. 1. 1. 1. 1. 1. 1. 1. 1. 1. 1. 1. 1.
 1. 1. 1. 1. 1. 1. 1. 1. 1. 1. 1. 1. 1. 1. 1. 1. 1. 1. 1. 1. 1. 1. 1. 1.
 1.]

K (free nodes):
 [[ 8. -0.  0.  0. -0.  0.  0.  0.  0.  0.  0.  0.]
 [-0.  8. -0.  0.  0. -0.  0.  0.  0.  0.  0.  0.]
 [ 0. -0.  8. -0.  0.  0. -0.  0.  0.  0.  0.  0.]
 [ 0.  0. -0.  8.  0.  0.  0. -0.  0.  0.  0.  0.]
 [-0.  0.  0.  0.  8. -0.  0.  0. -0.  0.  0.  0.]
 [ 0. -0.  0.  0. -0.  8. -0.  0.  0. -0.  0.  0.]
 [ 0.  0. -0.  0.  0. -0.  8. -0.  0.  0. -0.  0.]
 [ 0.  0.  0. -0.  0.  0. -0.  8.  0.  0.  0. -0.]
 [ 0.  0.  0.  0. -0.  0.  0.  0.  8. -0.  0.  0.]
 [ 0.  0.  0.  0.  0. -0.  0.  0. -0.  8. -0.  0.]
 [ 0.  0.  0.  0.  0.  0. -0.  0.  0. -0.  8. -0.]
 [ 0.  0.  0.  0.  0.  0.  0. -0.  0.  0. -0.  8.]]

K (free nodes), diag:
 [8. 8. 8. 8. 8. 8. 8. 8. 8. 8. 8. 8.]

#-------------------------

v_x:
 [[0.  ]
 [0.  ]
 [0.  ]
 [0.  ]
 [0.  ]
 [0.  ]
 [0.  ]
 [0.25]
 [0.  ]
 [0.  ]
 [0.  ]
 [0.  ]]

v_y:
 [[0.]
 [0.]
 [0.]
 [0.]
 [0.]
 [0.]
 [0.]
 [0.]
 [0.]
 [0.]
 [0.]
 [0.]]

v_z:
 [[ 0. ]
 [ 0. ]
 [ 0. ]
 [ 0. ]
 [ 0. ]
 [ 0. ]
 [ 0. ]
 [-2.5]
 [ 0. ]
 [ 0. ]
 [ 0. ]
 [ 0. ]]


KINETIC ENERGY: 12.625

#-------------------------

d_x [n_free x 1]:
 [[0.  ]
 [0.  ]
 [0.  ]
 [0.  ]
 [0.  ]
 [0.  ]
 [0.  ]
 [0.25]
 [0.  ]
 [0.  ]
 [0.  ]
 [0.  ]]

d_y [n_free x 1]:
 [[0.]
 [0.]
 [0.]
 [0.]
 [0.]
 [0.]
 [0.]
 [0.]
 [0.]
 [0.]
 [0.]
 [0.]]

d_z [n_free x 1]:
 [[ 0. ]
 [ 0. ]
 [ 0. ]
 [ 0. ]
 [ 0. ]
 [ 0. ]
 [ 0. ]
 [-2.5]
 [ 0. ]
 [ 0. ]
 [ 0. ]
 [ 0. ]]

#-------------------------

nodes new []:
 [[ 0.    0.    0.  ]
 [ 1.    0.    0.  ]
 [ 2.    0.    0.  ]
 [ 3.    0.    0.  ]
 [ 4.    0.    0.  ]
 [ 5.    0.    0.  ]
 [ 0.    1.    0.  ]
 [ 1.    1.    0.  ]
 [ 2.    1.    0.  ]
 [ 3.    1.    0.  ]
 [ 4.    1.    0.  ]
 [ 5.    1.    0.  ]
 [ 0.    2.    0.  ]
 [ 1.    2.    0.  ]
 [ 2.    2.    0.  ]
 [ 3.    2.    0.  ]
 [ 4.25  2.   -2.5 ]
 [ 5.    2.    0.  ]
 [ 0.    3.    0.  ]
 [ 1.    3.    0.  ]
 [ 2.    3.    0.  ]
 [ 3.    3.    0.  ]
 [ 4.    3.    0.  ]
 [ 5.    3.    0.  ]
 [ 0.    4.    0.  ]
 [ 1.    4.    0.  ]
 [ 2.    4.    0.  ]
 [ 3.    4.    0.  ]
 [ 4.    4.    0.  ]
 [ 5.    4.    0.  ]]


#-------------------------
Total Len = 74.250,
Max error = 25.250

######################
# ITERATION: 1
# SOLVER: DR_imp
######################

#-------------------------

Force, [m x m] -> [m x 1]:
 [1.         1.         1.         1.         1.         1.
 1.         1.         1.         1.         1.         1.
 1.         1.         1.         1.         1.         1.
 1.         1.         2.70416346 1.         1.         1.
 1.         1.         1.         1.         2.79508497 1.
 2.61007663 2.70416346 1.         1.         1.         1.
 1.         1.         1.         1.         1.         1.
 1.         1.         1.         1.         1.         1.
 1.        ]

Force Density, [m x m] -> [m x 1]:
 [1. 1. 1. 1. 1. 1. 1. 1. 1. 1. 1. 1. 1. 1. 1. 1. 1. 1. 1. 1. 1. 1. 1. 1.
 1. 1. 1. 1. 1. 1. 1. 1. 1. 1. 1. 1. 1. 1. 1. 1. 1. 1. 1. 1. 1. 1. 1. 1.
 1.]

#-------------------------

Element K_g, diag:
 [1. 1. 1. 1. 1. 1. 1. 1. 1. 1. 1. 1. 1. 1. 1. 1. 1. 1. 1. 1. 1. 1. 1. 1.
 1. 1. 1. 1. 1. 1. 1. 1. 1. 1. 1. 1. 1. 1. 1. 1. 1. 1. 1. 1. 1. 1. 1. 1.
 1.]

Element K_e, diag:
 [1. 1. 1. 1. 1. 1. 1. 1. 1. 1. 1. 1. 1. 1. 1. 1. 1. 1. 1. 1. 1. 1. 1. 1.
 1. 1. 1. 1. 1. 1. 1. 1. 1. 1. 1. 1. 1. 1. 1. 1. 1. 1. 1. 1. 1. 1. 1. 1.
 1.]

K (free nodes):
 [[ 8. -0.  0.  0. -0.  0.  0.  0.  0.  0.  0.  0.]
 [-0.  8. -0.  0.  0. -0.  0.  0.  0.  0.  0.  0.]
 [ 0. -0.  8. -0.  0.  0. -0.  0.  0.  0.  0.  0.]
 [ 0.  0. -0.  8.  0.  0.  0. -0.  0.  0.  0.  0.]
 [-0.  0.  0.  0.  8. -0.  0.  0. -0.  0.  0.  0.]
 [ 0. -0.  0.  0. -0.  8. -0.  0.  0. -0.  0.  0.]
 [ 0.  0. -0.  0.  0. -0.  8. -0.  0.  0. -0.  0.]
 [ 0.  0.  0. -0.  0.  0. -0.  8.  0.  0.  0. -0.]
 [ 0.  0.  0.  0. -0.  0.  0.  0.  8. -0.  0.  0.]
 [ 0.  0.  0.  0.  0. -0.  0.  0. -0.  8. -0.  0.]
 [ 0.  0.  0.  0.  0.  0. -0.  0.  0. -0.  8. -0.]
 [ 0.  0.  0.  0.  0.  0.  0. -0.  0.  0. -0.  8.]]

K (free nodes), diag:
 [8. 8. 8. 8. 8. 8. 8. 8. 8. 8. 8. 8.]

#-------------------------

v_x:
 [[0.    ]
 [0.    ]
 [0.    ]
 [0.0625]
 [0.    ]
 [0.    ]
 [0.0625]
 [0.    ]
 [0.    ]
 [0.    ]
 [0.    ]
 [0.0625]]

v_y:
 [[0.]
 [0.]
 [0.]
 [0.]
 [0.]
 [0.]
 [0.]
 [0.]
 [0.]
 [0.]
 [0.]
 [0.]]

v_z:
 [[ 0.   ]
 [ 0.   ]
 [ 0.   ]
 [-0.625]
 [ 0.   ]
 [ 0.   ]
 [-0.625]
 [ 0.   ]
 [ 0.   ]
 [ 0.   ]
 [ 0.   ]
 [-0.625]]


KINETIC ENERGY: 7.1015625

#-------------------------

d_x [n_free x 1]:
 [[0.    ]
 [0.    ]
 [0.    ]
 [0.0625]
 [0.    ]
 [0.    ]
 [0.0625]
 [0.    ]
 [0.    ]
 [0.    ]
 [0.    ]
 [0.0625]]

d_y [n_free x 1]:
 [[0.]
 [0.]
 [0.]
 [0.]
 [0.]
 [0.]
 [0.]
 [0.]
 [0.]
 [0.]
 [0.]
 [0.]]

d_z [n_free x 1]:
 [[ 0.   ]
 [ 0.   ]
 [ 0.   ]
 [-0.625]
 [ 0.   ]
 [ 0.   ]
 [-0.625]
 [ 0.   ]
 [ 0.   ]
 [ 0.   ]
 [ 0.   ]
 [-0.625]]

#-------------------------

nodes new []:
 [[ 0.      0.      0.    ]
 [ 1.      0.      0.    ]
 [ 2.      0.      0.    ]
 [ 3.      0.      0.    ]
 [ 4.      0.      0.    ]
 [ 5.      0.      0.    ]
 [ 0.      1.      0.    ]
 [ 1.      1.      0.    ]
 [ 2.      1.      0.    ]
 [ 3.      1.      0.    ]
 [ 4.0625  1.     -0.625 ]
 [ 5.      1.      0.    ]
 [ 0.      2.      0.    ]
 [ 1.      2.      0.    ]
 [ 2.      2.      0.    ]
 [ 3.0625  2.     -0.625 ]
 [ 4.25    2.     -2.5   ]
 [ 5.      2.      0.    ]
 [ 0.      3.      0.    ]
 [ 1.      3.      0.    ]
 [ 2.      3.      0.    ]
 [ 3.      3.      0.    ]
 [ 4.0625  3.     -0.625 ]
 [ 5.      3.      0.    ]
 [ 0.      4.      0.    ]
 [ 1.      4.      0.    ]
 [ 2.      4.      0.    ]
 [ 3.      4.      0.    ]
 [ 4.      4.      0.    ]
 [ 5.      4.      0.    ]]


#-------------------------
Total Len = 69.516,
Max error = 4.734

######################
# ITERATION: 2
# SOLVER: DR_imp
######################

#-------------------------

Force, [m x m] -> [m x 1]:
 [1.         1.         1.         1.         1.         1.
 1.         1.         1.         1.18090273 1.         1.
 1.         1.         1.         1.         1.         1.23269268
 1.18090273 1.12673477 2.13325602 1.         1.         1.
 1.         1.         1.23269268 1.         2.21941011 1.18090273
 2.61007663 2.13325602 1.         1.         1.         1.
 1.         1.         1.         1.23269268 1.         1.12673477
 1.18090273 1.         1.         1.         1.         1.
 1.        ]

Force Density, [m x m] -> [m x 1]:
 [1. 1. 1. 1. 1. 1. 1. 1. 1. 1. 1. 1. 1. 1. 1. 1. 1. 1. 1. 1. 1. 1. 1. 1.
 1. 1. 1. 1. 1. 1. 1. 1. 1. 1. 1. 1. 1. 1. 1. 1. 1. 1. 1. 1. 1. 1. 1. 1.
 1.]

#-------------------------

Element K_g, diag:
 [1. 1. 1. 1. 1. 1. 1. 1. 1. 1. 1. 1. 1. 1. 1. 1. 1. 1. 1. 1. 1. 1. 1. 1.
 1. 1. 1. 1. 1. 1. 1. 1. 1. 1. 1. 1. 1. 1. 1. 1. 1. 1. 1. 1. 1. 1. 1. 1.
 1.]

Element K_e, diag:
 [1. 1. 1. 1. 1. 1. 1. 1. 1. 1. 1. 1. 1. 1. 1. 1. 1. 1. 1. 1. 1. 1. 1. 1.
 1. 1. 1. 1. 1. 1. 1. 1. 1. 1. 1. 1. 1. 1. 1. 1. 1. 1. 1. 1. 1. 1. 1. 1.
 1.]

K (free nodes):
 [[ 8. -0.  0.  0. -0.  0.  0.  0.  0.  0.  0.  0.]
 [-0.  8. -0.  0.  0. -0.  0.  0.  0.  0.  0.  0.]
 [ 0. -0.  8. -0.  0.  0. -0.  0.  0.  0.  0.  0.]
 [ 0.  0. -0.  8.  0.  0.  0. -0.  0.  0.  0.  0.]
 [-0.  0.  0.  0.  8. -0.  0.  0. -0.  0.  0.  0.]
 [ 0. -0.  0.  0. -0.  8. -0.  0.  0. -0.  0.  0.]
 [ 0.  0. -0.  0.  0. -0.  8. -0.  0.  0. -0.  0.]
 [ 0.  0.  0. -0.  0.  0. -0.  8.  0.  0.  0. -0.]
 [ 0.  0.  0.  0. -0.  0.  0.  0.  8. -0.  0.  0.]
 [ 0.  0.  0.  0.  0. -0.  0.  0. -0.  8. -0.  0.]
 [ 0.  0.  0.  0.  0.  0. -0.  0.  0. -0.  8. -0.]
 [ 0.  0.  0.  0.  0.  0.  0. -0.  0.  0. -0.  8.]]

K (free nodes), diag:
 [8. 8. 8. 8. 8. 8. 8. 8. 8. 8. 8. 8.]

#-------------------------

v_x:
 [[0.      ]
 [0.      ]
 [0.03125 ]
 [0.      ]
 [0.      ]
 [0.015625]
 [0.      ]
 [0.046875]
 [0.      ]
 [0.      ]
 [0.03125 ]
 [0.      ]]

v_y:
 [[0.]
 [0.]
 [0.]
 [0.]
 [0.]
 [0.]
 [0.]
 [0.]
 [0.]
 [0.]
 [0.]
 [0.]]

v_z:
 [[ 0.     ]
 [ 0.     ]
 [-0.3125 ]
 [ 0.     ]
 [ 0.     ]
 [-0.15625]
 [ 0.     ]
 [-0.46875]
 [ 0.     ]
 [ 0.     ]
 [-0.3125 ]
 [ 0.     ]]


KINETIC ENERGY: 3.15625

#-------------------------

d_x [n_free x 1]:
 [[0.      ]
 [0.      ]
 [0.03125 ]
 [0.      ]
 [0.      ]
 [0.015625]
 [0.      ]
 [0.046875]
 [0.      ]
 [0.      ]
 [0.03125 ]
 [0.      ]]

d_y [n_free x 1]:
 [[0.]
 [0.]
 [0.]
 [0.]
 [0.]
 [0.]
 [0.]
 [0.]
 [0.]
 [0.]
 [0.]
 [0.]]

d_z [n_free x 1]:
 [[ 0.     ]
 [ 0.     ]
 [-0.3125 ]
 [ 0.     ]
 [ 0.     ]
 [-0.15625]
 [ 0.     ]
 [-0.46875]
 [ 0.     ]
 [ 0.     ]
 [-0.3125 ]
 [ 0.     ]]

#-------------------------

nodes new []:
 [[ 0.        0.        0.      ]
 [ 1.        0.        0.      ]
 [ 2.        0.        0.      ]
 [ 3.        0.        0.      ]
 [ 4.        0.        0.      ]
 [ 5.        0.        0.      ]
 [ 0.        1.        0.      ]
 [ 1.        1.        0.      ]
 [ 2.        1.        0.      ]
 [ 3.03125   1.       -0.3125  ]
 [ 4.0625    1.       -0.625   ]
 [ 5.        1.        0.      ]
 [ 0.        2.        0.      ]
 [ 1.        2.        0.      ]
 [ 2.015625  2.       -0.15625 ]
 [ 3.0625    2.       -0.625   ]
 [ 4.296875  2.       -2.96875 ]
 [ 5.        2.        0.      ]
 [ 0.        3.        0.      ]
 [ 1.        3.        0.      ]
 [ 2.        3.        0.      ]
 [ 3.03125   3.       -0.3125  ]
 [ 4.0625    3.       -0.625   ]
 [ 5.        3.        0.      ]
 [ 0.        4.        0.      ]
 [ 1.        4.        0.      ]
 [ 2.        4.        0.      ]
 [ 3.        4.        0.      ]
 [ 4.        4.        0.      ]
 [ 5.        4.        0.      ]]


#-------------------------
Total Len = 77.209,
Max error = 7.693

######################
# ITERATION: 3
# SOLVER: DR_imp
######################

#-------------------------

Force, [m x m] -> [m x 1]:
 [1.         1.         1.         1.         1.         1.
 1.         1.04815686 1.         1.18090273 1.         1.
 1.         1.         1.         1.07755873 1.01225402 1.07755873
 1.04815686 1.12673477 2.55892472 1.         1.         1.
 1.02757394 1.         1.14702826 1.01225402 2.64893294 1.04815686
 3.05087878 2.55892472 1.         1.         1.         1.
 1.         1.07755873 1.         1.07755873 1.04815686 1.12673477
 1.18090273 1.         1.         1.         1.         1.
 1.        ]

Force Density, [m x m] -> [m x 1]:
 [1. 1. 1. 1. 1. 1. 1. 1. 1. 1. 1. 1. 1. 1. 1. 1. 1. 1. 1. 1. 1. 1. 1. 1.
 1. 1. 1. 1. 1. 1. 1. 1. 1. 1. 1. 1. 1. 1. 1. 1. 1. 1. 1. 1. 1. 1. 1. 1.
 1.]

#-------------------------

Element K_g, diag:
 [1. 1. 1. 1. 1. 1. 1. 1. 1. 1. 1. 1. 1. 1. 1. 1. 1. 1. 1. 1. 1. 1. 1. 1.
 1. 1. 1. 1. 1. 1. 1. 1. 1. 1. 1. 1. 1. 1. 1. 1. 1. 1. 1. 1. 1. 1. 1. 1.
 1.]

Element K_e, diag:
 [1. 1. 1. 1. 1. 1. 1. 1. 1. 1. 1. 1. 1. 1. 1. 1. 1. 1. 1. 1. 1. 1. 1. 1.
 1. 1. 1. 1. 1. 1. 1. 1. 1. 1. 1. 1. 1. 1. 1. 1. 1. 1. 1. 1. 1. 1. 1. 1.
 1.]

K (free nodes):
 [[ 8. -0.  0.  0. -0.  0.  0.  0.  0.  0.  0.  0.]
 [-0.  8. -0.  0.  0. -0.  0.  0.  0.  0.  0.  0.]
 [ 0. -0.  8. -0.  0.  0. -0.  0.  0.  0.  0.  0.]
 [ 0.  0. -0.  8.  0.  0.  0. -0.  0.  0.  0.  0.]
 [-0.  0.  0.  0.  8. -0.  0.  0. -0.  0.  0.  0.]
 [ 0. -0.  0.  0. -0.  8. -0.  0.  0. -0.  0.  0.]
 [ 0.  0. -0.  0.  0. -0.  8. -0.  0.  0. -0.  0.]
 [ 0.  0.  0. -0.  0.  0. -0.  8.  0.  0.  0. -0.]
 [ 0.  0.  0.  0. -0.  0.  0.  0.  8. -0.  0.  0.]
 [ 0.  0.  0.  0.  0. -0.  0.  0. -0.  8. -0.  0.]
 [ 0.  0.  0.  0.  0.  0. -0.  0.  0. -0.  8. -0.]
 [ 0.  0.  0.  0.  0.  0.  0. -0.  0.  0. -0.  8.]]

K (free nodes), diag:
 [8. 8. 8. 8. 8. 8. 8. 8. 8. 8. 8. 8.]

#-------------------------

v_x:
 [[0.        ]
 [0.01171875]
 [0.        ]
 [0.01953125]
 [0.00390625]
 [0.        ]
 [0.03125   ]
 [0.        ]
 [0.        ]
 [0.01171875]
 [0.        ]
 [0.01953125]]

v_y:
 [[0.]
 [0.]
 [0.]
 [0.]
 [0.]
 [0.]
 [0.]
 [0.]
 [0.]
 [0.]
 [0.]
 [0.]]

v_z:
 [[ 0.       ]
 [-0.1171875]
 [ 0.       ]
 [-0.1953125]
 [-0.0390625]
 [ 0.       ]
 [-0.3125   ]
 [ 0.       ]
 [ 0.       ]
 [-0.1171875]
 [ 0.       ]
 [-0.1953125]]


KINETIC ENERGY: 1.926422119140625

#-------------------------

d_x [n_free x 1]:
 [[0.        ]
 [0.01171875]
 [0.        ]
 [0.01953125]
 [0.00390625]
 [0.        ]
 [0.03125   ]
 [0.        ]
 [0.        ]
 [0.01171875]
 [0.        ]
 [0.01953125]]

d_y [n_free x 1]:
 [[0.]
 [0.]
 [0.]
 [0.]
 [0.]
 [0.]
 [0.]
 [0.]
 [0.]
 [0.]
 [0.]
 [0.]]

d_z [n_free x 1]:
 [[ 0.       ]
 [-0.1171875]
 [ 0.       ]
 [-0.1953125]
 [-0.0390625]
 [ 0.       ]
 [-0.3125   ]
 [ 0.       ]
 [ 0.       ]
 [-0.1171875]
 [ 0.       ]
 [-0.1953125]]

#-------------------------

nodes new []:
 [[ 0.          0.          0.        ]
 [ 1.          0.          0.        ]
 [ 2.          0.          0.        ]
 [ 3.          0.          0.        ]
 [ 4.          0.          0.        ]
 [ 5.          0.          0.        ]
 [ 0.          1.          0.        ]
 [ 1.          1.          0.        ]
 [ 2.01171875  1.         -0.1171875 ]
 [ 3.03125     1.         -0.3125    ]
 [ 4.08203125  1.         -0.8203125 ]
 [ 5.          1.          0.        ]
 [ 0.          2.          0.        ]
 [ 1.00390625  2.         -0.0390625 ]
 [ 2.015625    2.         -0.15625   ]
 [ 3.09375     2.         -0.9375    ]
 [ 4.296875    2.         -2.96875   ]
 [ 5.          2.          0.        ]
 [ 0.          3.          0.        ]
 [ 1.          3.          0.        ]
 [ 2.01171875  3.         -0.1171875 ]
 [ 3.03125     3.         -0.3125    ]
 [ 4.08203125  3.         -0.8203125 ]
 [ 5.          3.          0.        ]
 [ 0.          4.          0.        ]
 [ 1.          4.          0.        ]
 [ 2.          4.          0.        ]
 [ 3.          4.          0.        ]
 [ 4.          4.          0.        ]
 [ 5.          4.          0.        ]]


#-------------------------
Total Len = 76.389,
Max error = 0.820

######################
# ITERATION: 4
# SOLVER: DR_imp
######################

#-------------------------

Force, [m x m] -> [m x 1]:
 [1.         1.         1.         1.         1.         1.00691124
 1.         1.04815686 1.         1.29600992 1.         1.
 1.         1.01848306 1.00077027 1.03807078 1.00077027 1.16705389
 1.18090273 1.23108863 2.37948346 1.         1.00466593 1.
 1.01848306 1.00077027 1.33142971 1.00077027 2.36082323 1.18090273
 3.05087878 2.37948346 1.         1.         1.         1.01848306
 1.         1.03807078 1.00691124 1.16705389 1.04815686 1.23108863
 1.29600992 1.         1.         1.         1.         1.
 1.        ]

Force Density, [m x m] -> [m x 1]:
 [1. 1. 1. 1. 1. 1. 1. 1. 1. 1. 1. 1. 1. 1. 1. 1. 1. 1. 1. 1. 1. 1. 1. 1.
 1. 1. 1. 1. 1. 1. 1. 1. 1. 1. 1. 1. 1. 1. 1. 1. 1. 1. 1. 1. 1. 1. 1. 1.
 1.]

#-------------------------

Element K_g, diag:
 [1. 1. 1. 1. 1. 1. 1. 1. 1. 1. 1. 1. 1. 1. 1. 1. 1. 1. 1. 1. 1. 1. 1. 1.
 1. 1. 1. 1. 1. 1. 1. 1. 1. 1. 1. 1. 1. 1. 1. 1. 1. 1. 1. 1. 1. 1. 1. 1.
 1.]

Element K_e, diag:
 [1. 1. 1. 1. 1. 1. 1. 1. 1. 1. 1. 1. 1. 1. 1. 1. 1. 1. 1. 1. 1. 1. 1. 1.
 1. 1. 1. 1. 1. 1. 1. 1. 1. 1. 1. 1. 1. 1. 1. 1. 1. 1. 1. 1. 1. 1. 1. 1.
 1.]

K (free nodes):
 [[ 8. -0.  0.  0. -0.  0.  0.  0.  0.  0.  0.  0.]
 [-0.  8. -0.  0.  0. -0.  0.  0.  0.  0.  0.  0.]
 [ 0. -0.  8. -0.  0.  0. -0.  0.  0.  0.  0.  0.]
 [ 0.  0. -0.  8.  0.  0.  0. -0.  0.  0.  0.  0.]
 [-0.  0.  0.  0.  8. -0.  0.  0. -0.  0.  0.  0.]
 [ 0. -0.  0.  0. -0.  8. -0.  0.  0. -0.  0.  0.]
 [ 0.  0. -0.  0.  0. -0.  8. -0.  0.  0. -0.  0.]
 [ 0.  0.  0. -0.  0.  0. -0.  8.  0.  0.  0. -0.]
 [ 0.  0.  0.  0. -0.  0.  0.  0.  8. -0.  0.  0.]
 [ 0.  0.  0.  0.  0. -0.  0.  0. -0.  8. -0.  0.]
 [ 0.  0.  0.  0.  0.  0. -0.  0.  0. -0.  8. -0.]
 [ 0.  0.  0.  0.  0.  0.  0. -0.  0.  0. -0.  8.]]

K (free nodes), diag:
 [8. 8. 8. 8. 8. 8. 8. 8. 8. 8. 8. 8.]

#-------------------------

v_x:
 [[0.00390625]
 [0.        ]
 [0.015625  ]
 [0.        ]
 [0.        ]
 [0.01464844]
 [0.        ]
 [0.01757812]
 [0.00390625]
 [0.        ]
 [0.015625  ]
 [0.        ]]

v_y:
 [[0.]
 [0.]
 [0.]
 [0.]
 [0.]
 [0.]
 [0.]
 [0.]
 [0.]
 [0.]
 [0.]
 [0.]]

v_z:
 [[-0.0390625 ]
 [ 0.        ]
 [-0.15625   ]
 [ 0.        ]
 [ 0.        ]
 [-0.14648437]
 [ 0.        ]
 [-0.17578125]
 [-0.0390625 ]
 [ 0.        ]
 [-0.15625   ]
 [ 0.        ]]


KINETIC ENERGY: 1.026590347290039

#-------------------------

d_x [n_free x 1]:
 [[0.00390625]
 [0.        ]
 [0.015625  ]
 [0.        ]
 [0.        ]
 [0.01464844]
 [0.        ]
 [0.01757812]
 [0.00390625]
 [0.        ]
 [0.015625  ]
 [0.        ]]

d_y [n_free x 1]:
 [[0.]
 [0.]
 [0.]
 [0.]
 [0.]
 [0.]
 [0.]
 [0.]
 [0.]
 [0.]
 [0.]
 [0.]]

d_z [n_free x 1]:
 [[-0.0390625 ]
 [ 0.        ]
 [-0.15625   ]
 [ 0.        ]
 [ 0.        ]
 [-0.14648437]
 [ 0.        ]
 [-0.17578125]
 [-0.0390625 ]
 [ 0.        ]
 [-0.15625   ]
 [ 0.        ]]

#-------------------------

nodes new []:
 [[ 0.          0.          0.        ]
 [ 1.          0.          0.        ]
 [ 2.          0.          0.        ]
 [ 3.          0.          0.        ]
 [ 4.          0.          0.        ]
 [ 5.          0.          0.        ]
 [ 0.          1.          0.        ]
 [ 1.00390625  1.         -0.0390625 ]
 [ 2.01171875  1.         -0.1171875 ]
 [ 3.046875    1.         -0.46875   ]
 [ 4.08203125  1.         -0.8203125 ]
 [ 5.          1.          0.        ]
 [ 0.          2.          0.        ]
 [ 1.00390625  2.         -0.0390625 ]
 [ 2.03027344  2.         -0.30273438]
 [ 3.09375     2.         -0.9375    ]
 [ 4.31445312  2.         -3.14453125]
 [ 5.          2.          0.        ]
 [ 0.          3.          0.        ]
 [ 1.00390625  3.         -0.0390625 ]
 [ 2.01171875  3.         -0.1171875 ]
 [ 3.046875    3.         -0.46875   ]
 [ 4.08203125  3.         -0.8203125 ]
 [ 5.          3.          0.        ]
 [ 0.          4.          0.        ]
 [ 1.          4.          0.        ]
 [ 2.          4.          0.        ]
 [ 3.          4.          0.        ]
 [ 4.          4.          0.        ]
 [ 5.          4.          0.        ]]


#-------------------------
Total Len = 79.519,
Max error = 3.130

######################
# ITERATION: 5
# SOLVER: DR_imp
######################

#-------------------------

Force, [m x m] -> [m x 1]:
 [1.         1.         1.         1.00077027 1.         1.00691124
 1.         1.10540663 1.         1.29600992 1.         1.00466593
 1.         1.01083607 1.         1.09322672 1.0172374  1.09322672
 1.10540663 1.23108863 2.5408685  1.         1.00466593 1.
 1.05969451 1.         1.23851112 1.0172374  2.52212273 1.10540663
 3.21839266 2.5408685  1.         1.00466593 1.         1.01083607
 1.00077027 1.09322672 1.00691124 1.09322672 1.10540663 1.23108863
 1.29600992 1.         1.         1.         1.         1.
 1.        ]

Force Density, [m x m] -> [m x 1]:
 [1. 1. 1. 1. 1. 1. 1. 1. 1. 1. 1. 1. 1. 1. 1. 1. 1. 1. 1. 1. 1. 1. 1. 1.
 1. 1. 1. 1. 1. 1. 1. 1. 1. 1. 1. 1. 1. 1. 1. 1. 1. 1. 1. 1. 1. 1. 1. 1.
 1.]

#-------------------------

Element K_g, diag:
 [1. 1. 1. 1. 1. 1. 1. 1. 1. 1. 1. 1. 1. 1. 1. 1. 1. 1. 1. 1. 1. 1. 1. 1.
 1. 1. 1. 1. 1. 1. 1. 1. 1. 1. 1. 1. 1. 1. 1. 1. 1. 1. 1. 1. 1. 1. 1. 1.
 1.]

Element K_e, diag:
 [1. 1. 1. 1. 1. 1. 1. 1. 1. 1. 1. 1. 1. 1. 1. 1. 1. 1. 1. 1. 1. 1. 1. 1.
 1. 1. 1. 1. 1. 1. 1. 1. 1. 1. 1. 1. 1. 1. 1. 1. 1. 1. 1. 1. 1. 1. 1. 1.
 1.]

K (free nodes):
 [[ 8. -0.  0.  0. -0.  0.  0.  0.  0.  0.  0.  0.]
 [-0.  8. -0.  0.  0. -0.  0.  0.  0.  0.  0.  0.]
 [ 0. -0.  8. -0.  0.  0. -0.  0.  0.  0.  0.  0.]
 [ 0.  0. -0.  8.  0.  0.  0. -0.  0.  0.  0.  0.]
 [-0.  0.  0.  0.  8. -0.  0.  0. -0.  0.  0.  0.]
 [ 0. -0.  0.  0. -0.  8. -0.  0.  0. -0.  0.  0.]
 [ 0.  0. -0.  0.  0. -0.  8. -0.  0.  0. -0.  0.]
 [ 0.  0.  0. -0.  0.  0. -0.  8.  0.  0.  0. -0.]
 [ 0.  0.  0.  0. -0.  0.  0.  0.  8. -0.  0.  0.]
 [ 0.  0.  0.  0.  0. -0.  0.  0. -0.  8. -0.  0.]
 [ 0.  0.  0.  0.  0.  0. -0.  0.  0. -0.  8. -0.]
 [ 0.  0.  0.  0.  0.  0.  0. -0.  0.  0. -0.  8.]]

K (free nodes), diag:
 [8. 8. 8. 8. 8. 8. 8. 8. 8. 8. 8. 8.]

#-------------------------

v_x:
 [[ 0.00000000e+00]
 [ 8.54492188e-03]
 [ 0.00000000e+00]
 [ 8.30078125e-03]
 [ 5.61523438e-03]
 [-1.11022302e-16]
 [ 1.58691406e-02]
 [ 0.00000000e+00]
 [ 0.00000000e+00]
 [ 8.54492188e-03]
 [ 0.00000000e+00]
 [ 8.30078125e-03]]

v_y:
 [[0.]
 [0.]
 [0.]
 [0.]
 [0.]
 [0.]
 [0.]
 [0.]
 [0.]
 [0.]
 [0.]
 [0.]]

v_z:
 [[ 0.00000000e+00]
 [-8.54492188e-02]
 [ 0.00000000e+00]
 [-8.30078125e-02]
 [-5.61523438e-02]
 [ 2.77555756e-17]
 [-1.58691406e-01]
 [ 0.00000000e+00]
 [ 0.00000000e+00]
 [-8.54492188e-02]
 [ 0.00000000e+00]
 [-8.30078125e-02]]


KINETIC ENERGY: 0.614962100982666

#-------------------------

d_x [n_free x 1]:
 [[ 0.00000000e+00]
 [ 8.54492188e-03]
 [ 0.00000000e+00]
 [ 8.30078125e-03]
 [ 5.61523438e-03]
 [-1.11022302e-16]
 [ 1.58691406e-02]
 [ 0.00000000e+00]
 [ 0.00000000e+00]
 [ 8.54492188e-03]
 [ 0.00000000e+00]
 [ 8.30078125e-03]]

d_y [n_free x 1]:
 [[0.]
 [0.]
 [0.]
 [0.]
 [0.]
 [0.]
 [0.]
 [0.]
 [0.]
 [0.]
 [0.]
 [0.]]

d_z [n_free x 1]:
 [[ 0.00000000e+00]
 [-8.54492188e-02]
 [ 0.00000000e+00]
 [-8.30078125e-02]
 [-5.61523438e-02]
 [ 2.77555756e-17]
 [-1.58691406e-01]
 [ 0.00000000e+00]
 [ 0.00000000e+00]
 [-8.54492188e-02]
 [ 0.00000000e+00]
 [-8.30078125e-02]]

#-------------------------

nodes new []:
 [[ 0.          0.          0.        ]
 [ 1.          0.          0.        ]
 [ 2.          0.          0.        ]
 [ 3.          0.          0.        ]
 [ 4.          0.          0.        ]
 [ 5.          0.          0.        ]
 [ 0.          1.          0.        ]
 [ 1.00390625  1.         -0.0390625 ]
 [ 2.02026367  1.         -0.20263672]
 [ 3.046875    1.         -0.46875   ]
 [ 4.09033203  1.         -0.90332031]
 [ 5.          1.          0.        ]
 [ 0.          2.          0.        ]
 [ 1.00952148  2.         -0.09521484]
 [ 2.03027344  2.         -0.30273438]
 [ 3.10961914  2.         -1.09619141]
 [ 4.31445312  2.         -3.14453125]
 [ 5.          2.          0.        ]
 [ 0.          3.          0.        ]
 [ 1.00390625  3.         -0.0390625 ]
 [ 2.02026367  3.         -0.20263672]
 [ 3.046875    3.         -0.46875   ]
 [ 4.09033203  3.         -0.90332031]
 [ 5.          3.          0.        ]
 [ 0.          4.          0.        ]
 [ 1.          4.          0.        ]
 [ 2.          4.          0.        ]
 [ 3.          4.          0.        ]
 [ 4.          4.          0.        ]
 [ 5.          4.          0.        ]]


#-------------------------
Total Len = 79.290,
Max error = 0.229

######################
# ITERATION: 6
# SOLVER: DR_imp
######################

#-------------------------

Force, [m x m] -> [m x 1]:
 [1.         1.         1.         1.00077027 1.         1.02052548
 1.         1.10540663 1.         1.35061003 1.         1.00466593
 1.         1.02943622 1.00159104 1.06054095 1.00504713 1.13033355
 1.1822096  1.28198417 2.46439784 1.         1.01400172 1.
 1.04163281 1.00159104 1.33961233 1.00504713 2.37640928 1.1822096
 3.21839266 2.46439784 1.         1.00466593 1.         1.02943622
 1.00077027 1.06054095 1.02052548 1.13033355 1.10540663 1.28198417
 1.35061003 1.         1.         1.         1.         1.
 1.        ]

Force Density, [m x m] -> [m x 1]:
 [1. 1. 1. 1. 1. 1. 1. 1. 1. 1. 1. 1. 1. 1. 1. 1. 1. 1. 1. 1. 1. 1. 1. 1.
 1. 1. 1. 1. 1. 1. 1. 1. 1. 1. 1. 1. 1. 1. 1. 1. 1. 1. 1. 1. 1. 1. 1. 1.
 1.]

#-------------------------

Element K_g, diag:
 [1. 1. 1. 1. 1. 1. 1. 1. 1. 1. 1. 1. 1. 1. 1. 1. 1. 1. 1. 1. 1. 1. 1. 1.
 1. 1. 1. 1. 1. 1. 1. 1. 1. 1. 1. 1. 1. 1. 1. 1. 1. 1. 1. 1. 1. 1. 1. 1.
 1.]

Element K_e, diag:
 [1. 1. 1. 1. 1. 1. 1. 1. 1. 1. 1. 1. 1. 1. 1. 1. 1. 1. 1. 1. 1. 1. 1. 1.
 1. 1. 1. 1. 1. 1. 1. 1. 1. 1. 1. 1. 1. 1. 1. 1. 1. 1. 1. 1. 1. 1. 1. 1.
 1.]

K (free nodes):
 [[ 8. -0.  0.  0. -0.  0.  0.  0.  0.  0.  0.  0.]
 [-0.  8. -0.  0.  0. -0.  0.  0.  0.  0.  0.  0.]
 [ 0. -0.  8. -0.  0.  0. -0.  0.  0.  0.  0.  0.]
 [ 0.  0. -0.  8.  0.  0.  0. -0.  0.  0.  0.  0.]
 [-0.  0.  0.  0.  8. -0.  0.  0. -0.  0.  0.  0.]
 [ 0. -0.  0.  0. -0.  8. -0.  0.  0. -0.  0.  0.]
 [ 0.  0. -0.  0.  0. -0.  8. -0.  0.  0. -0.  0.]
 [ 0.  0.  0. -0.  0.  0. -0.  8.  0.  0.  0. -0.]
 [ 0.  0.  0.  0. -0.  0.  0.  0.  8. -0.  0.  0.]
 [ 0.  0.  0.  0.  0. -0.  0.  0. -0.  8. -0.  0.]
 [ 0.  0.  0.  0.  0.  0. -0.  0.  0. -0.  8. -0.]
 [ 0.  0.  0.  0.  0.  0.  0. -0.  0.  0. -0.  8.]]

K (free nodes), diag:
 [8. 8. 8. 8. 8. 8. 8. 8. 8. 8. 8. 8.]

#-------------------------

v_x:
 [[0.00354004]
 [0.        ]
 [0.00817871]
 [0.        ]
 [0.        ]
 [0.00964355]
 [0.        ]
 [0.00811768]
 [0.00354004]
 [0.        ]
 [0.00817871]
 [0.        ]]

v_y:
 [[0.]
 [0.]
 [0.]
 [0.]
 [0.]
 [0.]
 [0.]
 [0.]
 [0.]
 [0.]
 [0.]
 [0.]]

v_z:
 [[-0.03540039]
 [ 0.        ]
 [-0.08178711]
 [ 0.        ]
 [ 0.        ]
 [-0.09643555]
 [ 0.        ]
 [-0.08117676]
 [-0.03540039]
 [ 0.        ]
 [-0.08178711]
 [ 0.        ]]


KINETIC ENERGY: 0.34286174923181534

#-------------------------

d_x [n_free x 1]:
 [[0.00354004]
 [0.        ]
 [0.00817871]
 [0.        ]
 [0.        ]
 [0.00964355]
 [0.        ]
 [0.00811768]
 [0.00354004]
 [0.        ]
 [0.00817871]
 [0.        ]]

d_y [n_free x 1]:
 [[0.]
 [0.]
 [0.]
 [0.]
 [0.]
 [0.]
 [0.]
 [0.]
 [0.]
 [0.]
 [0.]
 [0.]]

d_z [n_free x 1]:
 [[-0.03540039]
 [ 0.        ]
 [-0.08178711]
 [ 0.        ]
 [ 0.        ]
 [-0.09643555]
 [ 0.        ]
 [-0.08117676]
 [-0.03540039]
 [ 0.        ]
 [-0.08178711]
 [ 0.        ]]

#-------------------------

nodes new []:
 [[ 0.          0.          0.        ]
 [ 1.          0.          0.        ]
 [ 2.          0.          0.        ]
 [ 3.          0.          0.        ]
 [ 4.          0.          0.        ]
 [ 5.          0.          0.        ]
 [ 0.          1.          0.        ]
 [ 1.00744629  1.         -0.07446289]
 [ 2.02026367  1.         -0.20263672]
 [ 3.05505371  1.         -0.55053711]
 [ 4.09033203  1.         -0.90332031]
 [ 5.          1.          0.        ]
 [ 0.          2.          0.        ]
 [ 1.00952148  2.         -0.09521484]
 [ 2.03991699  2.         -0.39916992]
 [ 3.10961914  2.         -1.09619141]
 [ 4.3225708   2.         -3.22570801]
 [ 5.          2.          0.        ]
 [ 0.          3.          0.        ]
 [ 1.00744629  3.         -0.07446289]
 [ 2.02026367  3.         -0.20263672]
 [ 3.05505371  3.         -0.55053711]
 [ 4.09033203  3.         -0.90332031]
 [ 5.          3.          0.        ]
 [ 0.          4.          0.        ]
 [ 1.          4.          0.        ]
 [ 2.          4.          0.        ]
 [ 3.          4.          0.        ]
 [ 4.          4.          0.        ]
 [ 5.          4.          0.        ]]


#-------------------------
Total Len = 80.801,
Max error = 1.511

######################
# ITERATION: 7
# SOLVER: DR_imp
######################

#-------------------------

Force, [m x m] -> [m x 1]:
 [1.         1.         1.         1.00279618 1.         1.02052548
 1.         1.14285696 1.         1.35061003 1.         1.01019441
 1.         1.02089548 1.00021745 1.09170743 1.01931916 1.09373543
 1.14048937 1.28198417 2.53917692 1.         1.01400172 1.
 1.07429214 1.00021745 1.27675434 1.01931916 2.45073309 1.14048937
 3.2960738  2.53917692 1.         1.01019441 1.         1.02089548
 1.00279618 1.09170743 1.02052548 1.09373543 1.14285696 1.28198417
 1.35061003 1.         1.         1.         1.         1.
 1.        ]

Force Density, [m x m] -> [m x 1]:
 [1. 1. 1. 1. 1. 1. 1. 1. 1. 1. 1. 1. 1. 1. 1. 1. 1. 1. 1. 1. 1. 1. 1. 1.
 1. 1. 1. 1. 1. 1. 1. 1. 1. 1. 1. 1. 1. 1. 1. 1. 1. 1. 1. 1. 1. 1. 1. 1.
 1.]

#-------------------------

Element K_g, diag:
 [1. 1. 1. 1. 1. 1. 1. 1. 1. 1. 1. 1. 1. 1. 1. 1. 1. 1. 1. 1. 1. 1. 1. 1.
 1. 1. 1. 1. 1. 1. 1. 1. 1. 1. 1. 1. 1. 1. 1. 1. 1. 1. 1. 1. 1. 1. 1. 1.
 1.]

Element K_e, diag:
 [1. 1. 1. 1. 1. 1. 1. 1. 1. 1. 1. 1. 1. 1. 1. 1. 1. 1. 1. 1. 1. 1. 1. 1.
 1. 1. 1. 1. 1. 1. 1. 1. 1. 1. 1. 1. 1. 1. 1. 1. 1. 1. 1. 1. 1. 1. 1. 1.
 1.]

K (free nodes):
 [[ 8. -0.  0.  0. -0.  0.  0.  0.  0.  0.  0.  0.]
 [-0.  8. -0.  0.  0. -0.  0.  0.  0.  0.  0.  0.]
 [ 0. -0.  8. -0.  0.  0. -0.  0.  0.  0.  0.  0.]
 [ 0.  0. -0.  8.  0.  0.  0. -0.  0.  0.  0.  0.]
 [-0.  0.  0.  0.  8. -0.  0.  0. -0.  0.  0.  0.]
 [ 0. -0.  0.  0. -0.  8. -0.  0.  0. -0.  0.  0.]
 [ 0.  0. -0.  0.  0. -0.  8. -0.  0.  0. -0.  0.]
 [ 0.  0.  0. -0.  0.  0. -0.  8.  0.  0.  0. -0.]
 [ 0.  0.  0.  0. -0.  0.  0.  0.  8. -0.  0.  0.]
 [ 0.  0.  0.  0.  0. -0.  0.  0. -0.  8. -0.  0.]
 [ 0.  0.  0.  0.  0.  0. -0.  0.  0. -0.  8. -0.]
 [ 0.  0.  0.  0.  0.  0.  0. -0.  0.  0. -0.  8.]]

K (free nodes), diag:
 [8. 8. 8. 8. 8. 8. 8. 8. 8. 8. 8. 8.]

#-------------------------

v_x:
 [[0.        ]
 [0.00534058]
 [0.        ]
 [0.0040741 ]
 [0.00418091]
 [0.        ]
 [0.00852966]
 [0.        ]
 [0.        ]
 [0.00534058]
 [0.        ]
 [0.0040741 ]]

v_y:
 [[0.]
 [0.]
 [0.]
 [0.]
 [0.]
 [0.]
 [0.]
 [0.]
 [0.]
 [0.]
 [0.]
 [0.]]

v_z:
 [[ 0.        ]
 [-0.05340576]
 [ 0.        ]
 [-0.04074097]
 [-0.04180908]
 [ 0.        ]
 [-0.08529663]
 [ 0.        ]
 [ 0.        ]
 [-0.05340576]
 [ 0.        ]
 [-0.04074097]]


KINETIC ENERGY: 0.20094280550256371

#-------------------------

d_x [n_free x 1]:
 [[0.        ]
 [0.00534058]
 [0.        ]
 [0.0040741 ]
 [0.00418091]
 [0.        ]
 [0.00852966]
 [0.        ]
 [0.        ]
 [0.00534058]
 [0.        ]
 [0.0040741 ]]

d_y [n_free x 1]:
 [[0.]
 [0.]
 [0.]
 [0.]
 [0.]
 [0.]
 [0.]
 [0.]
 [0.]
 [0.]
 [0.]
 [0.]]

d_z [n_free x 1]:
 [[ 0.        ]
 [-0.05340576]
 [ 0.        ]
 [-0.04074097]
 [-0.04180908]
 [ 0.        ]
 [-0.08529663]
 [ 0.        ]
 [ 0.        ]
 [-0.05340576]
 [ 0.        ]
 [-0.04074097]]

#-------------------------

nodes new []:
 [[ 0.          0.          0.        ]
 [ 1.          0.          0.        ]
 [ 2.          0.          0.        ]
 [ 3.          0.          0.        ]
 [ 4.          0.          0.        ]
 [ 5.          0.          0.        ]
 [ 0.          1.          0.        ]
 [ 1.00744629  1.         -0.07446289]
 [ 2.02560425  1.         -0.25604248]
 [ 3.05505371  1.         -0.55053711]
 [ 4.09440613  1.         -0.94406128]
 [ 5.          1.          0.        ]
 [ 0.          2.          0.        ]
 [ 1.01370239  2.         -0.13702393]
 [ 2.03991699  2.         -0.39916992]
 [ 3.1181488   2.         -1.18148804]
 [ 4.3225708   2.         -3.22570801]
 [ 5.          2.          0.        ]
 [ 0.          3.          0.        ]
 [ 1.00744629  3.         -0.07446289]
 [ 2.02560425  3.         -0.25604248]
 [ 3.05505371  3.         -0.55053711]
 [ 4.09440613  3.         -0.94406128]
 [ 5.          3.          0.        ]
 [ 0.          4.          0.        ]
 [ 1.          4.          0.        ]
 [ 2.          4.          0.        ]
 [ 3.          4.          0.        ]
 [ 4.          4.          0.        ]
 [ 5.          4.          0.        ]]


#-------------------------
Total Len = 80.728,
Max error = 0.073

######################
# ITERATION: 8
# SOLVER: DR_imp
######################

#-------------------------

Force, [m x m] -> [m x 1]:
 [1.         1.         1.         1.00279618 1.         1.03257606
 1.         1.14285696 1.         1.37846444 1.         1.01019441
 1.         1.03422279 1.00197456 1.07074427 1.01029219 1.11135715
 1.18409462 1.30818652 2.50159367 1.         1.02292135 1.
 1.05916804 1.00197456 1.33214319 1.01029219 2.37264992 1.18409462
 3.2960738  2.50159367 1.         1.01019441 1.         1.03422279
 1.00279618 1.07074427 1.03257606 1.11135715 1.14285696 1.30818652
 1.37846444 1.         1.         1.         1.         1.
 1.        ]

Force Density, [m x m] -> [m x 1]:
 [1. 1. 1. 1. 1. 1. 1. 1. 1. 1. 1. 1. 1. 1. 1. 1. 1. 1. 1. 1. 1. 1. 1. 1.
 1. 1. 1. 1. 1. 1. 1. 1. 1. 1. 1. 1. 1. 1. 1. 1. 1. 1. 1. 1. 1. 1. 1. 1.
 1.]

#-------------------------

Element K_g, diag:
 [1. 1. 1. 1. 1. 1. 1. 1. 1. 1. 1. 1. 1. 1. 1. 1. 1. 1. 1. 1. 1. 1. 1. 1.
 1. 1. 1. 1. 1. 1. 1. 1. 1. 1. 1. 1. 1. 1. 1. 1. 1. 1. 1. 1. 1. 1. 1. 1.
 1.]

Element K_e, diag:
 [1. 1. 1. 1. 1. 1. 1. 1. 1. 1. 1. 1. 1. 1. 1. 1. 1. 1. 1. 1. 1. 1. 1. 1.
 1. 1. 1. 1. 1. 1. 1. 1. 1. 1. 1. 1. 1. 1. 1. 1. 1. 1. 1. 1. 1. 1. 1. 1.
 1.]

K (free nodes):
 [[ 8. -0.  0.  0. -0.  0.  0.  0.  0.  0.  0.  0.]
 [-0.  8. -0.  0.  0. -0.  0.  0.  0.  0.  0.  0.]
 [ 0. -0.  8. -0.  0.  0. -0.  0.  0.  0.  0.  0.]
 [ 0.  0. -0.  8.  0.  0.  0. -0.  0.  0.  0.  0.]
 [-0.  0.  0.  0.  8. -0.  0.  0. -0.  0.  0.  0.]
 [ 0. -0.  0.  0. -0.  8. -0.  0.  0. -0.  0.  0.]
 [ 0.  0. -0.  0.  0. -0.  8. -0.  0.  0. -0.  0.]
 [ 0.  0.  0. -0.  0.  0. -0.  8.  0.  0.  0. -0.]
 [ 0.  0.  0.  0. -0.  0.  0.  0.  8. -0.  0.  0.]
 [ 0.  0.  0.  0.  0. -0.  0.  0. -0.  8. -0.  0.]
 [ 0.  0.  0.  0.  0.  0. -0.  0.  0. -0.  8. -0.]
 [ 0.  0.  0.  0.  0.  0.  0. -0.  0.  0. -0.  8.]]

K (free nodes), diag:
 [8. 8. 8. 8. 8. 8. 8. 8. 8. 8. 8. 8.]

#-------------------------

v_x:
 [[ 2.38037109e-03]
 [ 0.00000000e+00]
 [ 4.48608398e-03]
 [ 0.00000000e+00]
 [ 0.00000000e+00]
 [ 5.84793091e-03]
 [-1.11022302e-16]
 [ 4.16946411e-03]
 [ 2.38037109e-03]
 [ 0.00000000e+00]
 [ 4.48608398e-03]
 [ 0.00000000e+00]]

v_y:
 [[0.]
 [0.]
 [0.]
 [0.]
 [0.]
 [0.]
 [0.]
 [0.]
 [0.]
 [0.]
 [0.]
 [0.]]

v_z:
 [[-2.38037109e-02]
 [ 0.00000000e+00]
 [-4.48608398e-02]
 [ 0.00000000e+00]
 [ 0.00000000e+00]
 [-5.84793091e-02]
 [ 8.32667268e-17]
 [-4.16946411e-02]
 [-2.38037109e-02]
 [ 0.00000000e+00]
 [-4.48608398e-02]
 [ 0.00000000e+00]]


KINETIC ENERGY: 0.11394355318043373

#-------------------------

d_x [n_free x 1]:
 [[ 2.38037109e-03]
 [ 0.00000000e+00]
 [ 4.48608398e-03]
 [ 0.00000000e+00]
 [ 0.00000000e+00]
 [ 5.84793091e-03]
 [-1.11022302e-16]
 [ 4.16946411e-03]
 [ 2.38037109e-03]
 [ 0.00000000e+00]
 [ 4.48608398e-03]
 [ 0.00000000e+00]]

d_y [n_free x 1]:
 [[0.]
 [0.]
 [0.]
 [0.]
 [0.]
 [0.]
 [0.]
 [0.]
 [0.]
 [0.]
 [0.]
 [0.]]

d_z [n_free x 1]:
 [[-2.38037109e-02]
 [ 0.00000000e+00]
 [-4.48608398e-02]
 [ 0.00000000e+00]
 [ 0.00000000e+00]
 [-5.84793091e-02]
 [ 8.32667268e-17]
 [-4.16946411e-02]
 [-2.38037109e-02]
 [ 0.00000000e+00]
 [-4.48608398e-02]
 [ 0.00000000e+00]]

#-------------------------

nodes new []:
 [[ 0.          0.          0.        ]
 [ 1.          0.          0.        ]
 [ 2.          0.          0.        ]
 [ 3.          0.          0.        ]
 [ 4.          0.          0.        ]
 [ 5.          0.          0.        ]
 [ 0.          1.          0.        ]
 [ 1.00982666  1.         -0.0982666 ]
 [ 2.02560425  1.         -0.25604248]
 [ 3.05953979  1.         -0.59539795]
 [ 4.09440613  1.         -0.94406128]
 [ 5.          1.          0.        ]
 [ 0.          2.          0.        ]
 [ 1.01370239  2.         -0.13702393]
 [ 2.04576492  2.         -0.45764923]
 [ 3.1181488   2.         -1.18148804]
 [ 4.32674026  2.         -3.26740265]
 [ 5.          2.          0.        ]
 [ 0.          3.          0.        ]
 [ 1.00982666  3.         -0.0982666 ]
 [ 2.02560425  3.         -0.25604248]
 [ 3.05953979  3.         -0.59539795]
 [ 4.09440613  3.         -0.94406128]
 [ 5.          3.          0.        ]
 [ 0.          4.          0.        ]
 [ 1.          4.          0.        ]
 [ 2.          4.          0.        ]
 [ 3.          4.          0.        ]
 [ 4.          4.          0.        ]
 [ 5.          4.          0.        ]]


#-------------------------
Total Len = 81.529,
Max error = 0.801

######################
# ITERATION: 9
# SOLVER: DR_imp
######################

#-------------------------

Force, [m x m] -> [m x 1]:
 [1.         1.         1.         1.00486461 1.         1.03257606
 1.         1.16535132 1.         1.37846444 1.         1.01459657
 1.         1.02795785 1.00075829 1.08820258 1.02031943 1.0920231
 1.16057598 1.30818652 2.54005793 1.         1.02292135 1.
 1.08071904 1.00075829 1.29381212 1.02031943 2.41075363 1.16057598
 3.33604537 2.54005793 1.         1.01459657 1.         1.02795785
 1.00486461 1.08820258 1.03257606 1.0920231  1.16535132 1.30818652
 1.37846444 1.         1.         1.         1.         1.
 1.        ]

Force Density, [m x m] -> [m x 1]:
 [1. 1. 1. 1. 1. 1. 1. 1. 1. 1. 1. 1. 1. 1. 1. 1. 1. 1. 1. 1. 1. 1. 1. 1.
 1. 1. 1. 1. 1. 1. 1. 1. 1. 1. 1. 1. 1. 1. 1. 1. 1. 1. 1. 1. 1. 1. 1. 1.
 1.]

#-------------------------

Element K_g, diag:
 [1. 1. 1. 1. 1. 1. 1. 1. 1. 1. 1. 1. 1. 1. 1. 1. 1. 1. 1. 1. 1. 1. 1. 1.
 1. 1. 1. 1. 1. 1. 1. 1. 1. 1. 1. 1. 1. 1. 1. 1. 1. 1. 1. 1. 1. 1. 1. 1.
 1.]

Element K_e, diag:
 [1. 1. 1. 1. 1. 1. 1. 1. 1. 1. 1. 1. 1. 1. 1. 1. 1. 1. 1. 1. 1. 1. 1. 1.
 1. 1. 1. 1. 1. 1. 1. 1. 1. 1. 1. 1. 1. 1. 1. 1. 1. 1. 1. 1. 1. 1. 1. 1.
 1.]

K (free nodes):
 [[ 8. -0.  0.  0. -0.  0.  0.  0.  0.  0.  0.  0.]
 [-0.  8. -0.  0.  0. -0.  0.  0.  0.  0.  0.  0.]
 [ 0. -0.  8. -0.  0.  0. -0.  0.  0.  0.  0.  0.]
 [ 0.  0. -0.  8.  0.  0.  0. -0.  0.  0.  0.  0.]
 [-0.  0.  0.  0.  8. -0.  0.  0. -0.  0.  0.  0.]
 [ 0. -0.  0.  0. -0.  8. -0.  0.  0. -0.  0.  0.]
 [ 0.  0. -0.  0.  0. -0.  8. -0.  0.  0. -0.  0.]
 [ 0.  0.  0. -0.  0.  0. -0.  8.  0.  0.  0. -0.]
 [ 0.  0.  0.  0. -0.  0.  0.  0.  8. -0.  0.  0.]
 [ 0.  0.  0.  0.  0. -0.  0.  0. -0.  8. -0.  0.]
 [ 0.  0.  0.  0.  0.  0. -0.  0.  0. -0.  8. -0.]
 [ 0.  0.  0.  0.  0.  0.  0. -0.  0.  0. -0.  8.]]

K (free nodes), diag:
 [8. 8. 8. 8. 8. 8. 8. 8. 8. 8. 8. 8.]

#-------------------------

v_x:
 [[0.        ]
 [0.0031786 ]
 [0.        ]
 [0.00216389]
 [0.00265217]
 [0.        ]
 [0.00474739]
 [0.        ]
 [0.        ]
 [0.0031786 ]
 [0.        ]
 [0.00216389]]

v_y:
 [[0.]
 [0.]
 [0.]
 [0.]
 [0.]
 [0.]
 [0.]
 [0.]
 [0.]
 [0.]
 [0.]
 [0.]]

v_z:
 [[ 0.        ]
 [-0.03178596]
 [ 0.        ]
 [-0.02163887]
 [-0.02652168]
 [ 0.        ]
 [-0.04747391]
 [ 0.        ]
 [ 0.        ]
 [-0.03178596]
 [ 0.        ]
 [-0.02163887]]


KINETIC ENERGY: 0.06606411674329138

#-------------------------

d_x [n_free x 1]:
 [[0.        ]
 [0.0031786 ]
 [0.        ]
 [0.00216389]
 [0.00265217]
 [0.        ]
 [0.00474739]
 [0.        ]
 [0.        ]
 [0.0031786 ]
 [0.        ]
 [0.00216389]]

d_y [n_free x 1]:
 [[0.]
 [0.]
 [0.]
 [0.]
 [0.]
 [0.]
 [0.]
 [0.]
 [0.]
 [0.]
 [0.]
 [0.]]

d_z [n_free x 1]:
 [[ 0.        ]
 [-0.03178596]
 [ 0.        ]
 [-0.02163887]
 [-0.02652168]
 [ 0.        ]
 [-0.04747391]
 [ 0.        ]
 [ 0.        ]
 [-0.03178596]
 [ 0.        ]
 [-0.02163887]]

#-------------------------

nodes new []:
 [[ 0.          0.          0.        ]
 [ 1.          0.          0.        ]
 [ 2.          0.          0.        ]
 [ 3.          0.          0.        ]
 [ 4.          0.          0.        ]
 [ 5.          0.          0.        ]
 [ 0.          1.          0.        ]
 [ 1.00982666  1.         -0.0982666 ]
 [ 2.02878284  1.         -0.28782845]
 [ 3.05953979  1.         -0.59539795]
 [ 4.09657001  1.         -0.96570015]
 [ 5.          1.          0.        ]
 [ 0.          2.          0.        ]
 [ 1.01635456  2.         -0.16354561]
 [ 2.04576492  2.         -0.45764923]
 [ 3.12289619  2.         -1.22896194]
 [ 4.32674026  2.         -3.26740265]
 [ 5.          2.          0.        ]
 [ 0.          3.          0.        ]
 [ 1.00982666  3.         -0.0982666 ]
 [ 2.02878284  3.         -0.28782845]
 [ 3.05953979  3.         -0.59539795]
 [ 4.09657001  3.         -0.96570015]
 [ 5.          3.          0.        ]
 [ 0.          4.          0.        ]
 [ 1.          4.          0.        ]
 [ 2.          4.          0.        ]
 [ 3.          4.          0.        ]
 [ 4.          4.          0.        ]
 [ 5.          4.          0.        ]]


#-------------------------
Total Len = 81.505,
Max error = 0.024

######################
# ITERATION: 10
# SOLVER: DR_imp
######################

#-------------------------

Force, [m x m] -> [m x 1]:
 [1.         1.         1.         1.00486461 1.         1.04099648
 1.         1.16535132 1.         1.39352163 1.         1.01459657
 1.         1.03643881 1.00214967 1.07566672 1.01445921 1.10116093
 1.185503   1.32240785 2.52008189 1.         1.02942885 1.
 1.07059919 1.00214967 1.32481511 1.01445921 2.36737852 1.185503
 3.33604537 2.52008189 1.         1.01459657 1.         1.03643881
 1.00486461 1.07566672 1.04099648 1.10116093 1.16535132 1.32240785
 1.39352163 1.         1.         1.         1.         1.
 1.        ]

Force Density, [m x m] -> [m x 1]:
 [1. 1. 1. 1. 1. 1. 1. 1. 1. 1. 1. 1. 1. 1. 1. 1. 1. 1. 1. 1. 1. 1. 1. 1.
 1. 1. 1. 1. 1. 1. 1. 1. 1. 1. 1. 1. 1. 1. 1. 1. 1. 1. 1. 1. 1. 1. 1. 1.
 1.]

#-------------------------

Element K_g, diag:
 [1. 1. 1. 1. 1. 1. 1. 1. 1. 1. 1. 1. 1. 1. 1. 1. 1. 1. 1. 1. 1. 1. 1. 1.
 1. 1. 1. 1. 1. 1. 1. 1. 1. 1. 1. 1. 1. 1. 1. 1. 1. 1. 1. 1. 1. 1. 1. 1.
 1.]

Element K_e, diag:
 [1. 1. 1. 1. 1. 1. 1. 1. 1. 1. 1. 1. 1. 1. 1. 1. 1. 1. 1. 1. 1. 1. 1. 1.
 1. 1. 1. 1. 1. 1. 1. 1. 1. 1. 1. 1. 1. 1. 1. 1. 1. 1. 1. 1. 1. 1. 1. 1.
 1.]

K (free nodes):
 [[ 8. -0.  0.  0. -0.  0.  0.  0.  0.  0.  0.  0.]
 [-0.  8. -0.  0.  0. -0.  0.  0.  0.  0.  0.  0.]
 [ 0. -0.  8. -0.  0.  0. -0.  0.  0.  0.  0.  0.]
 [ 0.  0. -0.  8.  0.  0.  0. -0.  0.  0.  0.  0.]
 [-0.  0.  0.  0.  8. -0.  0.  0. -0.  0.  0.  0.]
 [ 0. -0.  0.  0. -0.  8. -0.  0.  0. -0.  0.  0.]
 [ 0.  0. -0.  0.  0. -0.  8. -0.  0.  0. -0.  0.]
 [ 0.  0.  0. -0.  0.  0. -0.  8.  0.  0.  0. -0.]
 [ 0.  0.  0.  0. -0.  0.  0.  0.  8. -0.  0.  0.]
 [ 0.  0.  0.  0.  0. -0.  0.  0. -0.  8. -0.  0.]
 [ 0.  0.  0.  0.  0.  0. -0.  0.  0. -0.  8. -0.]
 [ 0.  0.  0.  0.  0.  0.  0. -0.  0.  0. -0.  8.]]

K (free nodes), diag:
 [8. 8. 8. 8. 8. 8. 8. 8. 8. 8. 8. 8.]

#-------------------------

v_x:
 [[ 1.45769119e-03]
 [ 0.00000000e+00]
 [ 2.52246857e-03]
 [ 0.00000000e+00]
 [ 0.00000000e+00]
 [ 3.43918800e-03]
 [-8.49192881e-17]
 [ 2.26879120e-03]
 [ 1.45769119e-03]
 [ 0.00000000e+00]
 [ 2.52246857e-03]
 [ 0.00000000e+00]]

v_y:
 [[ 0.00000000e+00]
 [ 0.00000000e+00]
 [-5.55111512e-17]
 [ 0.00000000e+00]
 [ 0.00000000e+00]
 [ 0.00000000e+00]
 [-8.32667268e-17]
 [ 0.00000000e+00]
 [ 0.00000000e+00]
 [ 0.00000000e+00]
 [ 0.00000000e+00]
 [ 0.00000000e+00]]

v_z:
 [[-1.45769119e-02]
 [ 0.00000000e+00]
 [-2.52246857e-02]
 [ 0.00000000e+00]
 [ 0.00000000e+00]
 [-3.43918800e-02]
 [ 1.65256128e-17]
 [-2.26879120e-02]
 [-1.45769119e-02]
 [ 0.00000000e+00]
 [-2.52246857e-02]
 [ 0.00000000e+00]]


KINETIC ENERGY: 0.037738122766881974

#-------------------------

d_x [n_free x 1]:
 [[ 1.45769119e-03]
 [ 0.00000000e+00]
 [ 2.52246857e-03]
 [ 0.00000000e+00]
 [ 0.00000000e+00]
 [ 3.43918800e-03]
 [-8.49192881e-17]
 [ 2.26879120e-03]
 [ 1.45769119e-03]
 [ 0.00000000e+00]
 [ 2.52246857e-03]
 [ 0.00000000e+00]]

d_y [n_free x 1]:
 [[ 0.00000000e+00]
 [ 0.00000000e+00]
 [-5.55111512e-17]
 [ 0.00000000e+00]
 [ 0.00000000e+00]
 [ 0.00000000e+00]
 [-8.32667268e-17]
 [ 0.00000000e+00]
 [ 0.00000000e+00]
 [ 0.00000000e+00]
 [ 0.00000000e+00]
 [ 0.00000000e+00]]

d_z [n_free x 1]:
 [[-1.45769119e-02]
 [ 0.00000000e+00]
 [-2.52246857e-02]
 [ 0.00000000e+00]
 [ 0.00000000e+00]
 [-3.43918800e-02]
 [ 1.65256128e-17]
 [-2.26879120e-02]
 [-1.45769119e-02]
 [ 0.00000000e+00]
 [-2.52246857e-02]
 [ 0.00000000e+00]]

#-------------------------

nodes new []:
 [[ 0.          0.          0.        ]
 [ 1.          0.          0.        ]
 [ 2.          0.          0.        ]
 [ 3.          0.          0.        ]
 [ 4.          0.          0.        ]
 [ 5.          0.          0.        ]
 [ 0.          1.          0.        ]
 [ 1.01128435  1.         -0.11284351]
 [ 2.02878284  1.         -0.28782845]
 [ 3.06206226  1.         -0.62062263]
 [ 4.09657001  1.         -0.96570015]
 [ 5.          1.          0.        ]
 [ 0.          2.          0.        ]
 [ 1.01635456  2.         -0.16354561]
 [ 2.04920411  2.         -0.49204111]
 [ 3.12289619  2.         -1.22896194]
 [ 4.32900906  2.         -3.29009056]
 [ 5.          2.          0.        ]
 [ 0.          3.          0.        ]
 [ 1.01128435  3.         -0.11284351]
 [ 2.02878284  3.         -0.28782845]
 [ 3.06206226  3.         -0.62062263]
 [ 4.09657001  3.         -0.96570015]
 [ 5.          3.          0.        ]
 [ 0.          4.          0.        ]
 [ 1.          4.          0.        ]
 [ 2.          4.          0.        ]
 [ 3.          4.          0.        ]
 [ 4.          4.          0.        ]
 [ 5.          4.          0.        ]]


#-------------------------
Total Len = 81.949,
Max error = 0.445

######################
# ITERATION: 11
# SOLVER: DR_imp
######################

#-------------------------

Force, [m x m] -> [m x 1]:
 [1.         1.         1.         1.00640995 1.         1.04099648
 1.         1.1785687  1.         1.39352163 1.         1.01756066
 1.         1.03243543 1.00129736 1.08554978 1.02084271 1.09054334
 1.17208254 1.32240785 2.54102709 1.         1.02942885 1.
 1.08383001 1.00129736 1.30225459 1.02084271 2.38808698 1.17208254
 3.35781547 2.54102709 1.         1.01756066 1.         1.03243543
 1.00640995 1.08554978 1.04099648 1.09054334 1.1785687  1.32240785
 1.39352163 1.         1.         1.         1.         1.
 1.        ]

Force Density, [m x m] -> [m x 1]:
 [1. 1. 1. 1. 1. 1. 1. 1. 1. 1. 1. 1. 1. 1. 1. 1. 1. 1. 1. 1. 1. 1. 1. 1.
 1. 1. 1. 1. 1. 1. 1. 1. 1. 1. 1. 1. 1. 1. 1. 1. 1. 1. 1. 1. 1. 1. 1. 1.
 1.]

#-------------------------

Element K_g, diag:
 [1. 1. 1. 1. 1. 1. 1. 1. 1. 1. 1. 1. 1. 1. 1. 1. 1. 1. 1. 1. 1. 1. 1. 1.
 1. 1. 1. 1. 1. 1. 1. 1. 1. 1. 1. 1. 1. 1. 1. 1. 1. 1. 1. 1. 1. 1. 1. 1.
 1.]

Element K_e, diag:
 [1. 1. 1. 1. 1. 1. 1. 1. 1. 1. 1. 1. 1. 1. 1. 1. 1. 1. 1. 1. 1. 1. 1. 1.
 1. 1. 1. 1. 1. 1. 1. 1. 1. 1. 1. 1. 1. 1. 1. 1. 1. 1. 1. 1. 1. 1. 1. 1.
 1.]

K (free nodes):
 [[ 8. -0.  0.  0. -0.  0.  0.  0.  0.  0.  0.  0.]
 [-0.  8. -0.  0.  0. -0.  0.  0.  0.  0.  0.  0.]
 [ 0. -0.  8. -0.  0.  0. -0.  0.  0.  0.  0.  0.]
 [ 0.  0. -0.  8.  0.  0.  0. -0.  0.  0.  0.  0.]
 [-0.  0.  0.  0.  8. -0.  0.  0. -0.  0.  0.  0.]
 [ 0. -0.  0.  0. -0.  8. -0.  0.  0. -0.  0.  0.]
 [ 0.  0. -0.  0.  0. -0.  8. -0.  0.  0. -0.  0.]
 [ 0.  0.  0. -0.  0.  0. -0.  8.  0.  0.  0. -0.]
 [ 0.  0.  0.  0. -0.  0.  0.  0.  8. -0.  0.  0.]
 [ 0.  0.  0.  0.  0. -0.  0.  0. -0.  8. -0.  0.]
 [ 0.  0.  0.  0.  0.  0. -0.  0.  0. -0.  8. -0.]
 [ 0.  0.  0.  0.  0.  0.  0. -0.  0.  0. -0.  8.]]

K (free nodes), diag:
 [8. 8. 8. 8. 8. 8. 8. 8. 8. 8. 8. 8.]

#-------------------------

v_x:
 [[ 0.00000000e+00]
 [ 1.85483694e-03]
 [-2.22044605e-16]
 [ 1.19781494e-03]
 [ 1.58864260e-03]
 [ 0.00000000e+00]
 [ 2.68822908e-03]
 [ 0.00000000e+00]
 [ 0.00000000e+00]
 [ 1.85483694e-03]
 [-1.11022302e-16]
 [ 1.19781494e-03]]

v_y:
 [[ 0.00000000e+00]
 [ 0.00000000e+00]
 [-5.55111512e-17]
 [ 0.00000000e+00]
 [ 0.00000000e+00]
 [ 0.00000000e+00]
 [-8.32667268e-17]
 [ 0.00000000e+00]
 [ 0.00000000e+00]
 [ 0.00000000e+00]
 [-1.11022302e-16]
 [ 0.00000000e+00]]

v_z:
 [[ 0.00000000e+00]
 [-1.85483694e-02]
 [ 3.41105462e-17]
 [-1.19781494e-02]
 [-1.58864260e-02]
 [ 0.00000000e+00]
 [-2.68822908e-02]
 [ 0.00000000e+00]
 [ 0.00000000e+00]
 [-1.85483694e-02]
 [ 5.55111512e-17]
 [-1.19781494e-02]]


KINETIC ENERGY: 0.021773492530428422

#-------------------------

d_x [n_free x 1]:
 [[ 0.00000000e+00]
 [ 1.85483694e-03]
 [-2.22044605e-16]
 [ 1.19781494e-03]
 [ 1.58864260e-03]
 [ 0.00000000e+00]
 [ 2.68822908e-03]
 [ 0.00000000e+00]
 [ 0.00000000e+00]
 [ 1.85483694e-03]
 [-1.11022302e-16]
 [ 1.19781494e-03]]

d_y [n_free x 1]:
 [[ 0.00000000e+00]
 [ 0.00000000e+00]
 [-5.55111512e-17]
 [ 0.00000000e+00]
 [ 0.00000000e+00]
 [ 0.00000000e+00]
 [-8.32667268e-17]
 [ 0.00000000e+00]
 [ 0.00000000e+00]
 [ 0.00000000e+00]
 [-1.11022302e-16]
 [ 0.00000000e+00]]

d_z [n_free x 1]:
 [[ 0.00000000e+00]
 [-1.85483694e-02]
 [ 3.41105462e-17]
 [-1.19781494e-02]
 [-1.58864260e-02]
 [ 0.00000000e+00]
 [-2.68822908e-02]
 [ 0.00000000e+00]
 [ 0.00000000e+00]
 [-1.85483694e-02]
 [ 5.55111512e-17]
 [-1.19781494e-02]]

#-------------------------

nodes new []:
 [[ 0.          0.          0.        ]
 [ 1.          0.          0.        ]
 [ 2.          0.          0.        ]
 [ 3.          0.          0.        ]
 [ 4.          0.          0.        ]
 [ 5.          0.          0.        ]
 [ 0.          1.          0.        ]
 [ 1.01128435  1.         -0.11284351]
 [ 2.03063768  1.         -0.30637681]
 [ 3.06206226  1.         -0.62062263]
 [ 4.09776783  1.         -0.9776783 ]
 [ 5.          1.          0.        ]
 [ 0.          2.          0.        ]
 [ 1.0179432   2.         -0.17943203]
 [ 2.04920411  2.         -0.49204111]
 [ 3.12558442  2.         -1.25584424]
 [ 4.32900906  2.         -3.29009056]
 [ 5.          2.          0.        ]
 [ 0.          3.          0.        ]
 [ 1.01128435  3.         -0.11284351]
 [ 2.03063768  3.         -0.30637681]
 [ 3.06206226  3.         -0.62062263]
 [ 4.09776783  3.         -0.9776783 ]
 [ 5.          3.          0.        ]
 [ 0.          4.          0.        ]
 [ 1.          4.          0.        ]
 [ 2.          4.          0.        ]
 [ 3.          4.          0.        ]
 [ 4.          4.          0.        ]
 [ 5.          4.          0.        ]]


#-------------------------
Total Len = 81.941,
Max error = 0.008

######################
# ITERATION: 12
# SOLVER: DR_imp
######################

#-------------------------

Force, [m x m] -> [m x 1]:
 [1.         1.         1.         1.00640995 1.         1.0463295
 1.         1.1785687  1.         1.40193203 1.         1.01756066
 1.         1.0375627  1.00223668 1.07823333 1.01725903 1.09552488
 1.18639856 1.33036752 2.52996501 1.         1.03363641 1.
 1.0776008  1.00223668 1.31984461 1.01725903 2.36355431 1.18639856
 3.35781547 2.52996501 1.         1.01756066 1.         1.0375627
 1.00640995 1.07823333 1.0463295  1.09552488 1.1785687  1.33036752
 1.40193203 1.         1.         1.         1.         1.
 1.        ]

Force Density, [m x m] -> [m x 1]:
 [1. 1. 1. 1. 1. 1. 1. 1. 1. 1. 1. 1. 1. 1. 1. 1. 1. 1. 1. 1. 1. 1. 1. 1.
 1. 1. 1. 1. 1. 1. 1. 1. 1. 1. 1. 1. 1. 1. 1. 1. 1. 1. 1. 1. 1. 1. 1. 1.
 1.]

#-------------------------

Element K_g, diag:
 [1. 1. 1. 1. 1. 1. 1. 1. 1. 1. 1. 1. 1. 1. 1. 1. 1. 1. 1. 1. 1. 1. 1. 1.
 1. 1. 1. 1. 1. 1. 1. 1. 1. 1. 1. 1. 1. 1. 1. 1. 1. 1. 1. 1. 1. 1. 1. 1.
 1.]

Element K_e, diag:
 [1. 1. 1. 1. 1. 1. 1. 1. 1. 1. 1. 1. 1. 1. 1. 1. 1. 1. 1. 1. 1. 1. 1. 1.
 1. 1. 1. 1. 1. 1. 1. 1. 1. 1. 1. 1. 1. 1. 1. 1. 1. 1. 1. 1. 1. 1. 1. 1.
 1.]

K (free nodes):
 [[ 8. -0.  0.  0. -0.  0.  0.  0.  0.  0.  0.  0.]
 [-0.  8. -0.  0.  0. -0.  0.  0.  0.  0.  0.  0.]
 [ 0. -0.  8. -0.  0.  0. -0.  0.  0.  0.  0.  0.]
 [ 0.  0. -0.  8.  0.  0.  0. -0.  0.  0.  0.  0.]
 [-0.  0.  0.  0.  8. -0.  0.  0. -0.  0.  0.  0.]
 [ 0. -0.  0.  0. -0.  8. -0.  0.  0. -0.  0.  0.]
 [ 0.  0. -0.  0.  0. -0.  8. -0.  0.  0. -0.  0.]
 [ 0.  0.  0. -0.  0.  0. -0.  8.  0.  0.  0. -0.]
 [ 0.  0.  0.  0. -0.  0.  0.  0.  8. -0.  0.  0.]
 [ 0.  0.  0.  0.  0. -0.  0.  0. -0.  8. -0.  0.]
 [ 0.  0.  0.  0.  0.  0. -0.  0.  0. -0.  8. -0.]
 [ 0.  0.  0.  0.  0.  0.  0. -0.  0.  0. -0.  8.]]

K (free nodes), diag:
 [8. 8. 8. 8. 8. 8. 8. 8. 8. 8. 8. 8.]

#-------------------------

v_x:
 [[ 8.60869884e-04]
 [ 0.00000000e+00]
 [ 1.43522024e-03]
 [ 0.00000000e+00]
 [-5.55111512e-17]
 [ 1.99663639e-03]
 [ 0.00000000e+00]
 [ 1.27096474e-03]
 [ 8.60869884e-04]
 [ 0.00000000e+00]
 [ 1.43522024e-03]
 [ 0.00000000e+00]]

v_y:
 [[ 0.00000000e+00]
 [ 0.00000000e+00]
 [ 0.00000000e+00]
 [-2.77555756e-17]
 [ 0.00000000e+00]
 [ 0.00000000e+00]
 [ 0.00000000e+00]
 [ 0.00000000e+00]
 [ 0.00000000e+00]
 [ 0.00000000e+00]
 [-1.11022302e-16]
 [ 0.00000000e+00]]

v_z:
 [[-8.60869884e-03]
 [ 0.00000000e+00]
 [-1.43522024e-02]
 [ 0.00000000e+00]
 [ 1.38777878e-17]
 [-1.99663639e-02]
 [ 0.00000000e+00]
 [-1.27096474e-02]
 [-8.60869884e-03]
 [ 0.00000000e+00]
 [-1.43522024e-02]
 [ 0.00000000e+00]]


KINETIC ENERGY: 0.012478785009149437

#-------------------------

d_x [n_free x 1]:
 [[ 8.60869884e-04]
 [ 0.00000000e+00]
 [ 1.43522024e-03]
 [ 0.00000000e+00]
 [-5.55111512e-17]
 [ 1.99663639e-03]
 [ 0.00000000e+00]
 [ 1.27096474e-03]
 [ 8.60869884e-04]
 [ 0.00000000e+00]
 [ 1.43522024e-03]
 [ 0.00000000e+00]]

d_y [n_free x 1]:
 [[ 0.00000000e+00]
 [ 0.00000000e+00]
 [ 0.00000000e+00]
 [-2.77555756e-17]
 [ 0.00000000e+00]
 [ 0.00000000e+00]
 [ 0.00000000e+00]
 [ 0.00000000e+00]
 [ 0.00000000e+00]
 [ 0.00000000e+00]
 [-1.11022302e-16]
 [ 0.00000000e+00]]

d_z [n_free x 1]:
 [[-8.60869884e-03]
 [ 0.00000000e+00]
 [-1.43522024e-02]
 [ 0.00000000e+00]
 [ 1.38777878e-17]
 [-1.99663639e-02]
 [ 0.00000000e+00]
 [-1.27096474e-02]
 [-8.60869884e-03]
 [ 0.00000000e+00]
 [-1.43522024e-02]
 [ 0.00000000e+00]]

#-------------------------

nodes new []:
 [[ 0.          0.          0.        ]
 [ 1.          0.          0.        ]
 [ 2.          0.          0.        ]
 [ 3.          0.          0.        ]
 [ 4.          0.          0.        ]
 [ 5.          0.          0.        ]
 [ 0.          1.          0.        ]
 [ 1.01214522  1.         -0.12145221]
 [ 2.03063768  1.         -0.30637681]
 [ 3.06349748  1.         -0.63497484]
 [ 4.09776783  1.         -0.9776783 ]
 [ 5.          1.          0.        ]
 [ 0.          2.          0.        ]
 [ 1.0179432   2.         -0.17943203]
 [ 2.05120075  2.         -0.51200747]
 [ 3.12558442  2.         -1.25584424]
 [ 4.33028002  2.         -3.30280021]
 [ 5.          2.          0.        ]
 [ 0.          3.          0.        ]
 [ 1.01214522  3.         -0.12145221]
 [ 2.03063768  3.         -0.30637681]
 [ 3.06349748  3.         -0.63497484]
 [ 4.09776783  3.         -0.9776783 ]
 [ 5.          3.          0.        ]
 [ 0.          4.          0.        ]
 [ 1.          4.          0.        ]
 [ 2.          4.          0.        ]
 [ 3.          4.          0.        ]
 [ 4.          4.          0.        ]
 [ 5.          4.          0.        ]]


#-------------------------
Total Len = 82.194,
Max error = 0.252

######################
# ITERATION: 13
# SOLVER: DR_imp
######################

#-------------------------

Force, [m x m] -> [m x 1]:
 [1.         1.         1.         1.00742153 1.         1.0463295
 1.         1.18626514 1.         1.40193203 1.         1.019406
 1.         1.03514443 1.0016962  1.08387086 1.02113016 1.08956909
 1.17869996 1.33036752 2.54170294 1.         1.03363641 1.
 1.08546192 1.0016962  1.30674918 1.02113016 2.37514636 1.17869996
 3.37001692 2.54170294 1.         1.019406   1.         1.03514443
 1.00742153 1.08387086 1.0463295  1.08956909 1.18626514 1.33036752
 1.40193203 1.         1.         1.         1.         1.
 1.        ]

Force Density, [m x m] -> [m x 1]:
 [1. 1. 1. 1. 1. 1. 1. 1. 1. 1. 1. 1. 1. 1. 1. 1. 1. 1. 1. 1. 1. 1. 1. 1.
 1. 1. 1. 1. 1. 1. 1. 1. 1. 1. 1. 1. 1. 1. 1. 1. 1. 1. 1. 1. 1. 1. 1. 1.
 1.]

#-------------------------

Element K_g, diag:
 [1. 1. 1. 1. 1. 1. 1. 1. 1. 1. 1. 1. 1. 1. 1. 1. 1. 1. 1. 1. 1. 1. 1. 1.
 1. 1. 1. 1. 1. 1. 1. 1. 1. 1. 1. 1. 1. 1. 1. 1. 1. 1. 1. 1. 1. 1. 1. 1.
 1.]

Element K_e, diag:
 [1. 1. 1. 1. 1. 1. 1. 1. 1. 1. 1. 1. 1. 1. 1. 1. 1. 1. 1. 1. 1. 1. 1. 1.
 1. 1. 1. 1. 1. 1. 1. 1. 1. 1. 1. 1. 1. 1. 1. 1. 1. 1. 1. 1. 1. 1. 1. 1.
 1.]

K (free nodes):
 [[ 8. -0.  0.  0. -0.  0.  0.  0.  0.  0.  0.  0.]
 [-0.  8. -0.  0.  0. -0.  0.  0.  0.  0.  0.  0.]
 [ 0. -0.  8. -0.  0.  0. -0.  0.  0.  0.  0.  0.]
 [ 0.  0. -0.  8.  0.  0.  0. -0.  0.  0.  0.  0.]
 [-0.  0.  0.  0.  8. -0.  0.  0. -0.  0.  0.  0.]
 [ 0. -0.  0.  0. -0.  8. -0.  0.  0. -0.  0.  0.]
 [ 0.  0. -0.  0.  0. -0.  8. -0.  0.  0. -0.  0.]
 [ 0.  0.  0. -0.  0.  0. -0.  8.  0.  0.  0. -0.]
 [ 0.  0.  0.  0. -0.  0.  0.  0.  8. -0.  0.  0.]
 [ 0.  0.  0.  0.  0. -0.  0.  0. -0.  8. -0.  0.]
 [ 0.  0.  0.  0.  0.  0. -0.  0.  0. -0.  8. -0.]
 [ 0.  0.  0.  0.  0.  0.  0. -0.  0.  0. -0.  8.]]

K (free nodes), diag:
 [8. 8. 8. 8. 8. 8. 8. 8. 8. 8. 8. 8.]

#-------------------------

v_x:
 [[0.        ]
 [0.00107318]
 [0.        ]
 [0.00067655]
 [0.00092959]
 [0.        ]
 [0.00153451]
 [0.        ]
 [0.        ]
 [0.00107318]
 [0.        ]
 [0.00067655]]

v_y:
 [[ 0.00000000e+00]
 [ 0.00000000e+00]
 [ 0.00000000e+00]
 [-2.77555756e-17]
 [ 0.00000000e+00]
 [ 0.00000000e+00]
 [ 0.00000000e+00]
 [ 0.00000000e+00]
 [ 0.00000000e+00]
 [ 0.00000000e+00]
 [ 0.00000000e+00]
 [ 0.00000000e+00]]

v_z:
 [[ 0.        ]
 [-0.01073182]
 [ 0.        ]
 [-0.00676546]
 [-0.00929594]
 [ 0.        ]
 [-0.0153451 ]
 [ 0.        ]
 [ 0.        ]
 [-0.01073182]
 [ 0.        ]
 [-0.00676546]]


KINETIC ENERGY: 0.00718393813733012

#-------------------------

d_x [n_free x 1]:
 [[0.        ]
 [0.00107318]
 [0.        ]
 [0.00067655]
 [0.00092959]
 [0.        ]
 [0.00153451]
 [0.        ]
 [0.        ]
 [0.00107318]
 [0.        ]
 [0.00067655]]

d_y [n_free x 1]:
 [[ 0.00000000e+00]
 [ 0.00000000e+00]
 [ 0.00000000e+00]
 [-2.77555756e-17]
 [ 0.00000000e+00]
 [ 0.00000000e+00]
 [ 0.00000000e+00]
 [ 0.00000000e+00]
 [ 0.00000000e+00]
 [ 0.00000000e+00]
 [ 0.00000000e+00]
 [ 0.00000000e+00]]

d_z [n_free x 1]:
 [[ 0.        ]
 [-0.01073182]
 [ 0.        ]
 [-0.00676546]
 [-0.00929594]
 [ 0.        ]
 [-0.0153451 ]
 [ 0.        ]
 [ 0.        ]
 [-0.01073182]
 [ 0.        ]
 [-0.00676546]]

#-------------------------

nodes new []:
 [[ 0.          0.          0.        ]
 [ 1.          0.          0.        ]
 [ 2.          0.          0.        ]
 [ 3.          0.          0.        ]
 [ 4.          0.          0.        ]
 [ 5.          0.          0.        ]
 [ 0.          1.          0.        ]
 [ 1.01214522  1.         -0.12145221]
 [ 2.03171086  1.         -0.31710863]
 [ 3.06349748  1.         -0.63497484]
 [ 4.09844438  1.         -0.98444376]
 [ 5.          1.          0.        ]
 [ 0.          2.          0.        ]
 [ 1.0188728   2.         -0.18872797]
 [ 2.05120075  2.         -0.51200747]
 [ 3.12711893  2.         -1.27118934]
 [ 4.33028002  2.         -3.30280021]
 [ 5.          2.          0.        ]
 [ 0.          3.          0.        ]
 [ 1.01214522  3.         -0.12145221]
 [ 2.03171086  3.         -0.31710863]
 [ 3.06349748  3.         -0.63497484]
 [ 4.09844438  3.         -0.98444376]
 [ 5.          3.          0.        ]
 [ 0.          4.          0.        ]
 [ 1.          4.          0.        ]
 [ 2.          4.          0.        ]
 [ 3.          4.          0.        ]
 [ 4.          4.          0.        ]
 [ 5.          4.          0.        ]]


#-------------------------
Total Len = 82.191,
Max error = 0.003

######################
# ITERATION: 14
# SOLVER: DR_imp
######################

#-------------------------

Force, [m x m] -> [m x 1]:
 [1.         1.         1.         1.00742153 1.         1.04955394
 1.         1.18626514 1.         1.40670566 1.         1.019406
 1.         1.03816932 1.00228304 1.07964001 1.01900217 1.0923569
 1.1869358  1.33489028 2.53545349 1.         1.03620463 1.
 1.08176274 1.00228304 1.31679803 1.01900217 2.36115212 1.1869358
 3.37001692 2.53545349 1.         1.019406   1.         1.03816932
 1.00742153 1.07964001 1.04955394 1.0923569  1.18626514 1.33489028
 1.40670566 1.         1.         1.         1.         1.
 1.        ]

Force Density, [m x m] -> [m x 1]:
 [1. 1. 1. 1. 1. 1. 1. 1. 1. 1. 1. 1. 1. 1. 1. 1. 1. 1. 1. 1. 1. 1. 1. 1.
 1. 1. 1. 1. 1. 1. 1. 1. 1. 1. 1. 1. 1. 1. 1. 1. 1. 1. 1. 1. 1. 1. 1. 1.
 1.]

#-------------------------

Element K_g, diag:
 [1. 1. 1. 1. 1. 1. 1. 1. 1. 1. 1. 1. 1. 1. 1. 1. 1. 1. 1. 1. 1. 1. 1. 1.
 1. 1. 1. 1. 1. 1. 1. 1. 1. 1. 1. 1. 1. 1. 1. 1. 1. 1. 1. 1. 1. 1. 1. 1.
 1.]

Element K_e, diag:
 [1. 1. 1. 1. 1. 1. 1. 1. 1. 1. 1. 1. 1. 1. 1. 1. 1. 1. 1. 1. 1. 1. 1. 1.
 1. 1. 1. 1. 1. 1. 1. 1. 1. 1. 1. 1. 1. 1. 1. 1. 1. 1. 1. 1. 1. 1. 1. 1.
 1.]

K (free nodes):
 [[ 8. -0.  0.  0. -0.  0.  0.  0.  0.  0.  0.  0.]
 [-0.  8. -0.  0.  0. -0.  0.  0.  0.  0.  0.  0.]
 [ 0. -0.  8. -0.  0.  0. -0.  0.  0.  0.  0.  0.]
 [ 0.  0. -0.  8.  0.  0.  0. -0.  0.  0.  0.  0.]
 [-0.  0.  0.  0.  8. -0.  0.  0. -0.  0.  0.  0.]
 [ 0. -0.  0.  0. -0.  8. -0.  0.  0. -0.  0.  0.]
 [ 0.  0. -0.  0.  0. -0.  8. -0.  0.  0. -0.  0.]
 [ 0.  0.  0. -0.  0.  0. -0.  8.  0.  0.  0. -0.]
 [ 0.  0.  0.  0. -0.  0.  0.  0.  8. -0.  0.  0.]
 [ 0.  0.  0.  0.  0. -0.  0.  0. -0.  8. -0.  0.]
 [ 0.  0.  0.  0.  0.  0. -0.  0.  0. -0.  8. -0.]
 [ 0.  0.  0.  0.  0.  0.  0. -0.  0.  0. -0.  8.]]

K (free nodes), diag:
 [8. 8. 8. 8. 8. 8. 8. 8. 8. 8. 8. 8.]

#-------------------------

v_x:
 [[0.00050069]
 [0.        ]
 [0.00082106]
 [0.        ]
 [0.        ]
 [0.00115262]
 [0.        ]
 [0.0007219 ]
 [0.00050069]
 [0.        ]
 [0.00082106]
 [0.        ]]

v_y:
 [[0.]
 [0.]
 [0.]
 [0.]
 [0.]
 [0.]
 [0.]
 [0.]
 [0.]
 [0.]
 [0.]
 [0.]]

v_z:
 [[-0.00500694]
 [ 0.        ]
 [-0.0082106 ]
 [ 0.        ]
 [ 0.        ]
 [-0.01152617]
 [ 0.        ]
 [-0.00721901]
 [-0.00500694]
 [ 0.        ]
 [-0.0082106 ]
 [ 0.        ]]


KINETIC ENERGY: 0.004123334392514111

#-------------------------

d_x [n_free x 1]:
 [[0.00050069]
 [0.        ]
 [0.00082106]
 [0.        ]
 [0.        ]
 [0.00115262]
 [0.        ]
 [0.0007219 ]
 [0.00050069]
 [0.        ]
 [0.00082106]
 [0.        ]]

d_y [n_free x 1]:
 [[0.]
 [0.]
 [0.]
 [0.]
 [0.]
 [0.]
 [0.]
 [0.]
 [0.]
 [0.]
 [0.]
 [0.]]

d_z [n_free x 1]:
 [[-0.00500694]
 [ 0.        ]
 [-0.0082106 ]
 [ 0.        ]
 [ 0.        ]
 [-0.01152617]
 [ 0.        ]
 [-0.00721901]
 [-0.00500694]
 [ 0.        ]
 [-0.0082106 ]
 [ 0.        ]]

#-------------------------

nodes new []:
 [[ 0.          0.          0.        ]
 [ 1.          0.          0.        ]
 [ 2.          0.          0.        ]
 [ 3.          0.          0.        ]
 [ 4.          0.          0.        ]
 [ 5.          0.          0.        ]
 [ 0.          1.          0.        ]
 [ 1.01264592  1.         -0.12645915]
 [ 2.03171086  1.         -0.31710863]
 [ 3.06431854  1.         -0.64318543]
 [ 4.09844438  1.         -0.98444376]
 [ 5.          1.          0.        ]
 [ 0.          2.          0.        ]
 [ 1.0188728   2.         -0.18872797]
 [ 2.05235336  2.         -0.52353364]
 [ 3.12711893  2.         -1.27118934]
 [ 4.33100192  2.         -3.31001922]
 [ 5.          2.          0.        ]
 [ 0.          3.          0.        ]
 [ 1.01264592  3.         -0.12645915]
 [ 2.03171086  3.         -0.31710863]
 [ 3.06431854  3.         -0.64318543]
 [ 4.09844438  3.         -0.98444376]
 [ 5.          3.          0.        ]
 [ 0.          4.          0.        ]
 [ 1.          4.          0.        ]
 [ 2.          4.          0.        ]
 [ 3.          4.          0.        ]
 [ 4.          4.          0.        ]
 [ 5.          4.          0.        ]]


#-------------------------
Total Len = 82.335,
Max error = 0.144

######################
# ITERATION: 15
# SOLVER: DR_imp
######################

#-------------------------

Force, [m x m] -> [m x 1]:
 [1.         1.         1.         1.00804357 1.         1.04955394
 1.         1.19072431 1.         1.40670566 1.         1.02051147
 1.         1.03674519 1.00195618 1.08286874 1.02129202 1.08897818
 1.18251122 1.33489028 2.54212199 1.         1.03620463 1.
 1.08635948 1.00195618 1.30924026 1.02129202 2.36773341 1.18251122
 3.37694916 2.54212199 1.         1.02051147 1.         1.03674519
 1.00804357 1.08286874 1.04955394 1.08897818 1.19072431 1.33489028
 1.40670566 1.         1.         1.         1.         1.
 1.        ]

Force Density, [m x m] -> [m x 1]:
 [1. 1. 1. 1. 1. 1. 1. 1. 1. 1. 1. 1. 1. 1. 1. 1. 1. 1. 1. 1. 1. 1. 1. 1.
 1. 1. 1. 1. 1. 1. 1. 1. 1. 1. 1. 1. 1. 1. 1. 1. 1. 1. 1. 1. 1. 1. 1. 1.
 1.]

#-------------------------

Element K_g, diag:
 [1. 1. 1. 1. 1. 1. 1. 1. 1. 1. 1. 1. 1. 1. 1. 1. 1. 1. 1. 1. 1. 1. 1. 1.
 1. 1. 1. 1. 1. 1. 1. 1. 1. 1. 1. 1. 1. 1. 1. 1. 1. 1. 1. 1. 1. 1. 1. 1.
 1.]

Element K_e, diag:
 [1. 1. 1. 1. 1. 1. 1. 1. 1. 1. 1. 1. 1. 1. 1. 1. 1. 1. 1. 1. 1. 1. 1. 1.
 1. 1. 1. 1. 1. 1. 1. 1. 1. 1. 1. 1. 1. 1. 1. 1. 1. 1. 1. 1. 1. 1. 1. 1.
 1.]

K (free nodes):
 [[ 8. -0.  0.  0. -0.  0.  0.  0.  0.  0.  0.  0.]
 [-0.  8. -0.  0.  0. -0.  0.  0.  0.  0.  0.  0.]
 [ 0. -0.  8. -0.  0.  0. -0.  0.  0.  0.  0.  0.]
 [ 0.  0. -0.  8.  0.  0.  0. -0.  0.  0.  0.  0.]
 [-0.  0.  0.  0.  8. -0.  0.  0. -0.  0.  0.  0.]
 [ 0. -0.  0.  0. -0.  8. -0.  0.  0. -0.  0.  0.]
 [ 0.  0. -0.  0.  0. -0.  8. -0.  0.  0. -0.  0.]
 [ 0.  0.  0. -0.  0.  0. -0.  8.  0.  0.  0. -0.]
 [ 0.  0.  0.  0. -0.  0.  0.  0.  8. -0.  0.  0.]
 [ 0.  0.  0.  0.  0. -0.  0.  0. -0.  8. -0.  0.]
 [ 0.  0.  0.  0.  0.  0. -0.  0.  0. -0.  8. -0.]
 [ 0.  0.  0.  0.  0.  0.  0. -0.  0.  0. -0.  8.]]

K (free nodes), diag:
 [8. 8. 8. 8. 8. 8. 8. 8. 8. 8. 8. 8.]

#-------------------------

v_x:
 [[0.        ]
 [0.00061859]
 [0.        ]
 [0.00038574]
 [0.0005385 ]
 [0.        ]
 [0.00087916]
 [0.        ]
 [0.        ]
 [0.00061859]
 [0.        ]
 [0.00038574]]

v_y:
 [[0.]
 [0.]
 [0.]
 [0.]
 [0.]
 [0.]
 [0.]
 [0.]
 [0.]
 [0.]
 [0.]
 [0.]]

v_z:
 [[ 0.        ]
 [-0.00618593]
 [ 0.        ]
 [-0.0038574 ]
 [-0.00538501]
 [ 0.        ]
 [-0.00879159]
 [ 0.        ]
 [ 0.        ]
 [-0.00618593]
 [ 0.        ]
 [-0.0038574 ]]


KINETIC ENERGY: 0.0023714210318756044

#-------------------------

d_x [n_free x 1]:
 [[0.        ]
 [0.00061859]
 [0.        ]
 [0.00038574]
 [0.0005385 ]
 [0.        ]
 [0.00087916]
 [0.        ]
 [0.        ]
 [0.00061859]
 [0.        ]
 [0.00038574]]

d_y [n_free x 1]:
 [[0.]
 [0.]
 [0.]
 [0.]
 [0.]
 [0.]
 [0.]
 [0.]
 [0.]
 [0.]
 [0.]
 [0.]]

d_z [n_free x 1]:
 [[ 0.        ]
 [-0.00618593]
 [ 0.        ]
 [-0.0038574 ]
 [-0.00538501]
 [ 0.        ]
 [-0.00879159]
 [ 0.        ]
 [ 0.        ]
 [-0.00618593]
 [ 0.        ]
 [-0.0038574 ]]

#-------------------------

nodes new []:
 [[ 0.          0.          0.        ]
 [ 1.          0.          0.        ]
 [ 2.          0.          0.        ]
 [ 3.          0.          0.        ]
 [ 4.          0.          0.        ]
 [ 5.          0.          0.        ]
 [ 0.          1.          0.        ]
 [ 1.01264592  1.         -0.12645915]
 [ 2.03232946  1.         -0.32329456]
 [ 3.06431854  1.         -0.64318543]
 [ 4.09883012  1.         -0.98830116]
 [ 5.          1.          0.        ]
 [ 0.          2.          0.        ]
 [ 1.0194113   2.         -0.19411299]
 [ 2.05235336  2.         -0.52353364]
 [ 3.12799809  2.         -1.27998093]
 [ 4.33100192  2.         -3.31001922]
 [ 5.          2.          0.        ]
 [ 0.          3.          0.        ]
 [ 1.01264592  3.         -0.12645915]
 [ 2.03232946  3.         -0.32329456]
 [ 3.06431854  3.         -0.64318543]
 [ 4.09883012  3.         -0.98830116]
 [ 5.          3.          0.        ]
 [ 0.          4.          0.        ]
 [ 1.          4.          0.        ]
 [ 2.          4.          0.        ]
 [ 3.          4.          0.        ]
 [ 4.          4.          0.        ]
 [ 5.          4.          0.        ]]


#-------------------------
Total Len = 82.335,
Max error = 0.001

######################
# ITERATION: 16
# SOLVER: DR_imp
######################

#-------------------------

Force, [m x m] -> [m x 1]:
 [1.         1.         1.         1.00804357 1.         1.0514583
 1.         1.19072431 1.         1.40943484 1.         1.02051147
 1.         1.03850792 1.00230874 1.08043123 1.02004738 1.09055906
 1.18725043 1.33747761 2.53855834 1.         1.03772793 1.
 1.08419891 1.00230874 1.31499965 1.02004738 2.35971898 1.18725043
 3.37694916 2.53855834 1.         1.02051147 1.         1.03850792
 1.00804357 1.08043123 1.0514583  1.09055906 1.19072431 1.33747761
 1.40943484 1.         1.         1.         1.         1.
 1.        ]

Force Density, [m x m] -> [m x 1]:
 [1. 1. 1. 1. 1. 1. 1. 1. 1. 1. 1. 1. 1. 1. 1. 1. 1. 1. 1. 1. 1. 1. 1. 1.
 1. 1. 1. 1. 1. 1. 1. 1. 1. 1. 1. 1. 1. 1. 1. 1. 1. 1. 1. 1. 1. 1. 1. 1.
 1.]

#-------------------------

Element K_g, diag:
 [1. 1. 1. 1. 1. 1. 1. 1. 1. 1. 1. 1. 1. 1. 1. 1. 1. 1. 1. 1. 1. 1. 1. 1.
 1. 1. 1. 1. 1. 1. 1. 1. 1. 1. 1. 1. 1. 1. 1. 1. 1. 1. 1. 1. 1. 1. 1. 1.
 1.]

Element K_e, diag:
 [1. 1. 1. 1. 1. 1. 1. 1. 1. 1. 1. 1. 1. 1. 1. 1. 1. 1. 1. 1. 1. 1. 1. 1.
 1. 1. 1. 1. 1. 1. 1. 1. 1. 1. 1. 1. 1. 1. 1. 1. 1. 1. 1. 1. 1. 1. 1. 1.
 1.]

K (free nodes):
 [[ 8. -0.  0.  0. -0.  0.  0.  0.  0.  0.  0.  0.]
 [-0.  8. -0.  0.  0. -0.  0.  0.  0.  0.  0.  0.]
 [ 0. -0.  8. -0.  0.  0. -0.  0.  0.  0.  0.  0.]
 [ 0.  0. -0.  8.  0.  0.  0. -0.  0.  0.  0.  0.]
 [-0.  0.  0.  0.  8. -0.  0.  0. -0.  0.  0.  0.]
 [ 0. -0.  0.  0. -0.  8. -0.  0.  0. -0.  0.  0.]
 [ 0.  0. -0.  0.  0. -0.  8. -0.  0.  0. -0.  0.]
 [ 0.  0.  0. -0.  0.  0. -0.  8.  0.  0.  0. -0.]
 [ 0.  0.  0.  0. -0.  0.  0.  0.  8. -0.  0.  0.]
 [ 0.  0.  0.  0.  0. -0.  0.  0. -0.  8. -0.  0.]
 [ 0.  0.  0.  0.  0.  0. -0.  0.  0. -0.  8. -0.]
 [ 0.  0.  0.  0.  0.  0.  0. -0.  0.  0. -0.  8.]]

K (free nodes), diag:
 [8. 8. 8. 8. 8. 8. 8. 8. 8. 8. 8. 8.]

#-------------------------

v_x:
 [[0.00028927]
 [0.        ]
 [0.00047087]
 [0.        ]
 [0.        ]
 [0.00066371]
 [0.        ]
 [0.00041266]
 [0.00028927]
 [0.        ]
 [0.00047087]
 [0.        ]]

v_y:
 [[ 0.00000000e+00]
 [ 0.00000000e+00]
 [ 0.00000000e+00]
 [-5.55111512e-17]
 [ 0.00000000e+00]
 [ 0.00000000e+00]
 [ 0.00000000e+00]
 [-1.11022302e-16]
 [ 0.00000000e+00]
 [ 0.00000000e+00]
 [ 0.00000000e+00]
 [ 0.00000000e+00]]

v_z:
 [[-2.89273448e-03]
 [ 0.00000000e+00]
 [-4.70872968e-03]
 [ 9.18714886e-17]
 [ 0.00000000e+00]
 [-6.63711398e-03]
 [ 0.00000000e+00]
 [-4.12659836e-03]
 [-2.89273448e-03]
 [ 0.00000000e+00]
 [-4.70872968e-03]
 [ 1.11022302e-16]]


KINETIC ENERGY: 0.0013620181847873018

#-------------------------

d_x [n_free x 1]:
 [[0.00028927]
 [0.        ]
 [0.00047087]
 [0.        ]
 [0.        ]
 [0.00066371]
 [0.        ]
 [0.00041266]
 [0.00028927]
 [0.        ]
 [0.00047087]
 [0.        ]]

d_y [n_free x 1]:
 [[ 0.00000000e+00]
 [ 0.00000000e+00]
 [ 0.00000000e+00]
 [-5.55111512e-17]
 [ 0.00000000e+00]
 [ 0.00000000e+00]
 [ 0.00000000e+00]
 [-1.11022302e-16]
 [ 0.00000000e+00]
 [ 0.00000000e+00]
 [ 0.00000000e+00]
 [ 0.00000000e+00]]

d_z [n_free x 1]:
 [[-2.89273448e-03]
 [ 0.00000000e+00]
 [-4.70872968e-03]
 [ 9.18714886e-17]
 [ 0.00000000e+00]
 [-6.63711398e-03]
 [ 0.00000000e+00]
 [-4.12659836e-03]
 [-2.89273448e-03]
 [ 0.00000000e+00]
 [-4.70872968e-03]
 [ 1.11022302e-16]]

#-------------------------

nodes new []:
 [[ 0.          0.          0.        ]
 [ 1.          0.          0.        ]
 [ 2.          0.          0.        ]
 [ 3.          0.          0.        ]
 [ 4.          0.          0.        ]
 [ 5.          0.          0.        ]
 [ 0.          1.          0.        ]
 [ 1.01293519  1.         -0.12935189]
 [ 2.03232946  1.         -0.32329456]
 [ 3.06478942  1.         -0.64789416]
 [ 4.09883012  1.         -0.98830116]
 [ 5.          1.          0.        ]
 [ 0.          2.          0.        ]
 [ 1.0194113   2.         -0.19411299]
 [ 2.05301708  2.         -0.53017076]
 [ 3.12799809  2.         -1.27998093]
 [ 4.33141458  2.         -3.31414581]
 [ 5.          2.          0.        ]
 [ 0.          3.          0.        ]
 [ 1.01293519  3.         -0.12935189]
 [ 2.03232946  3.         -0.32329456]
 [ 3.06478942  3.         -0.64789416]
 [ 4.09883012  3.         -0.98830116]
 [ 5.          3.          0.        ]
 [ 0.          4.          0.        ]
 [ 1.          4.          0.        ]
 [ 2.          4.          0.        ]
 [ 3.          4.          0.        ]
 [ 4.          4.          0.        ]
 [ 5.          4.          0.        ]]


#-------------------------
Total Len = 82.417,
Max error = 0.083

######################
# ITERATION: 17
# SOLVER: DR_imp
######################

#-------------------------

Force, [m x m] -> [m x 1]:
 [1.         1.         1.         1.00841422 1.         1.0514583
 1.         1.19329984 1.         1.40943484 1.         1.02116091
 1.         1.03767935 1.00211573 1.08228392 1.02138423 1.08863083
 1.1847063  1.33747761 2.54237072 1.         1.03772793 1.
 1.08686509 1.00211573 1.3106485  1.02138423 2.36348006 1.1847063
 3.38091244 2.54237072 1.         1.02116091 1.         1.03767935
 1.00841422 1.08228392 1.0514583  1.08863083 1.19329984 1.33747761
 1.40943484 1.         1.         1.         1.         1.
 1.        ]

Force Density, [m x m] -> [m x 1]:
 [1. 1. 1. 1. 1. 1. 1. 1. 1. 1. 1. 1. 1. 1. 1. 1. 1. 1. 1. 1. 1. 1. 1. 1.
 1. 1. 1. 1. 1. 1. 1. 1. 1. 1. 1. 1. 1. 1. 1. 1. 1. 1. 1. 1. 1. 1. 1. 1.
 1.]

#-------------------------

Element K_g, diag:
 [1. 1. 1. 1. 1. 1. 1. 1. 1. 1. 1. 1. 1. 1. 1. 1. 1. 1. 1. 1. 1. 1. 1. 1.
 1. 1. 1. 1. 1. 1. 1. 1. 1. 1. 1. 1. 1. 1. 1. 1. 1. 1. 1. 1. 1. 1. 1. 1.
 1.]

Element K_e, diag:
 [1. 1. 1. 1. 1. 1. 1. 1. 1. 1. 1. 1. 1. 1. 1. 1. 1. 1. 1. 1. 1. 1. 1. 1.
 1. 1. 1. 1. 1. 1. 1. 1. 1. 1. 1. 1. 1. 1. 1. 1. 1. 1. 1. 1. 1. 1. 1. 1.
 1.]

K (free nodes):
 [[ 8. -0.  0.  0. -0.  0.  0.  0.  0.  0.  0.  0.]
 [-0.  8. -0.  0.  0. -0.  0.  0.  0.  0.  0.  0.]
 [ 0. -0.  8. -0.  0.  0. -0.  0.  0.  0.  0.  0.]
 [ 0.  0. -0.  8.  0.  0.  0. -0.  0.  0.  0.  0.]
 [-0.  0.  0.  0.  8. -0.  0.  0. -0.  0.  0.  0.]
 [ 0. -0.  0.  0. -0.  8. -0.  0.  0. -0.  0.  0.]
 [ 0.  0. -0.  0.  0. -0.  8. -0.  0.  0. -0.  0.]
 [ 0.  0.  0. -0.  0.  0. -0.  8.  0.  0.  0. -0.]
 [ 0.  0.  0.  0. -0.  0.  0.  0.  8. -0.  0.  0.]
 [ 0.  0.  0.  0.  0. -0.  0.  0. -0.  8. -0.  0.]
 [ 0.  0.  0.  0.  0.  0. -0.  0.  0. -0.  8. -0.]
 [ 0.  0.  0.  0.  0.  0.  0. -0.  0.  0. -0.  8.]]

K (free nodes), diag:
 [8. 8. 8. 8. 8. 8. 8. 8. 8. 8. 8. 8.]

#-------------------------

v_x:
 [[0.        ]
 [0.00035596]
 [0.        ]
 [0.00022088]
 [0.00031056]
 [0.        ]
 [0.00050453]
 [0.        ]
 [0.        ]
 [0.00035596]
 [0.        ]
 [0.00022088]]

v_y:
 [[0.]
 [0.]
 [0.]
 [0.]
 [0.]
 [0.]
 [0.]
 [0.]
 [0.]
 [0.]
 [0.]
 [0.]]

v_z:
 [[ 0.00000000e+00]
 [-3.55964454e-03]
 [ 0.00000000e+00]
 [-2.20883201e-03]
 [-3.10564574e-03]
 [ 0.00000000e+00]
 [-5.04529293e-03]
 [ 0.00000000e+00]
 [ 0.00000000e+00]
 [-3.55964454e-03]
 [ 2.77555756e-17]
 [-2.20883201e-03]]


KINETIC ENERGY: 0.0007829784257981214

#-------------------------

d_x [n_free x 1]:
 [[0.        ]
 [0.00035596]
 [0.        ]
 [0.00022088]
 [0.00031056]
 [0.        ]
 [0.00050453]
 [0.        ]
 [0.        ]
 [0.00035596]
 [0.        ]
 [0.00022088]]

d_y [n_free x 1]:
 [[0.]
 [0.]
 [0.]
 [0.]
 [0.]
 [0.]
 [0.]
 [0.]
 [0.]
 [0.]
 [0.]
 [0.]]

d_z [n_free x 1]:
 [[ 0.00000000e+00]
 [-3.55964454e-03]
 [ 0.00000000e+00]
 [-2.20883201e-03]
 [-3.10564574e-03]
 [ 0.00000000e+00]
 [-5.04529293e-03]
 [ 0.00000000e+00]
 [ 0.00000000e+00]
 [-3.55964454e-03]
 [ 2.77555756e-17]
 [-2.20883201e-03]]

#-------------------------

nodes new []:
 [[ 0.          0.          0.        ]
 [ 1.          0.          0.        ]
 [ 2.          0.          0.        ]
 [ 3.          0.          0.        ]
 [ 4.          0.          0.        ]
 [ 5.          0.          0.        ]
 [ 0.          1.          0.        ]
 [ 1.01293519  1.         -0.12935189]
 [ 2.03268542  1.         -0.3268542 ]
 [ 3.06478942  1.         -0.64789416]
 [ 4.099051    1.         -0.99050999]
 [ 5.          1.          0.        ]
 [ 0.          2.          0.        ]
 [ 1.01972186  2.         -0.19721863]
 [ 2.05301708  2.         -0.53017076]
 [ 3.12850262  2.         -1.28502622]
 [ 4.33141458  2.         -3.31414581]
 [ 5.          2.          0.        ]
 [ 0.          3.          0.        ]
 [ 1.01293519  3.         -0.12935189]
 [ 2.03268542  3.         -0.3268542 ]
 [ 3.06478942  3.         -0.64789416]
 [ 4.099051    3.         -0.99050999]
 [ 5.          3.          0.        ]
 [ 0.          4.          0.        ]
 [ 1.          4.          0.        ]
 [ 2.          4.          0.        ]
 [ 3.          4.          0.        ]
 [ 4.          4.          0.        ]
 [ 5.          4.          0.        ]]


#-------------------------
Total Len = 82.417,
Max error = 0.000

######################
# ITERATION: 18
# SOLVER: DR_imp
######################

#-------------------------

Force, [m x m] -> [m x 1]:
 [1.         1.         1.         1.00841422 1.         1.05256924
 1.         1.19329984 1.         1.41100005 1.         1.02116091
 1.         1.0387     1.00232328 1.08088173 1.02066204 1.08953322
 1.18743279 1.33896197 2.54032995 1.         1.03861825 1.
 1.08561324 1.00232328 1.31395431 1.02066204 2.35888183 1.18743279
 3.38091244 2.54032995 1.         1.02116091 1.         1.0387
 1.00841422 1.08088173 1.05256924 1.08953322 1.19329984 1.33896197
 1.41100005 1.         1.         1.         1.         1.
 1.        ]

Force Density, [m x m] -> [m x 1]:
 [1. 1. 1. 1. 1. 1. 1. 1. 1. 1. 1. 1. 1. 1. 1. 1. 1. 1. 1. 1. 1. 1. 1. 1.
 1. 1. 1. 1. 1. 1. 1. 1. 1. 1. 1. 1. 1. 1. 1. 1. 1. 1. 1. 1. 1. 1. 1. 1.
 1.]

#-------------------------

Element K_g, diag:
 [1. 1. 1. 1. 1. 1. 1. 1. 1. 1. 1. 1. 1. 1. 1. 1. 1. 1. 1. 1. 1. 1. 1. 1.
 1. 1. 1. 1. 1. 1. 1. 1. 1. 1. 1. 1. 1. 1. 1. 1. 1. 1. 1. 1. 1. 1. 1. 1.
 1.]

Element K_e, diag:
 [1. 1. 1. 1. 1. 1. 1. 1. 1. 1. 1. 1. 1. 1. 1. 1. 1. 1. 1. 1. 1. 1. 1. 1.
 1. 1. 1. 1. 1. 1. 1. 1. 1. 1. 1. 1. 1. 1. 1. 1. 1. 1. 1. 1. 1. 1. 1. 1.
 1.]

K (free nodes):
 [[ 8. -0.  0.  0. -0.  0.  0.  0.  0.  0.  0.  0.]
 [-0.  8. -0.  0.  0. -0.  0.  0.  0.  0.  0.  0.]
 [ 0. -0.  8. -0.  0.  0. -0.  0.  0.  0.  0.  0.]
 [ 0.  0. -0.  8.  0.  0.  0. -0.  0.  0.  0.  0.]
 [-0.  0.  0.  0.  8. -0.  0.  0. -0.  0.  0.  0.]
 [ 0. -0.  0.  0. -0.  8. -0.  0.  0. -0.  0.  0.]
 [ 0.  0. -0.  0.  0. -0.  8. -0.  0.  0. -0.  0.]
 [ 0.  0.  0. -0.  0.  0. -0.  8.  0.  0.  0. -0.]
 [ 0.  0.  0.  0. -0.  0.  0.  0.  8. -0.  0.  0.]
 [ 0.  0.  0.  0.  0. -0.  0.  0. -0.  8. -0.  0.]
 [ 0.  0.  0.  0.  0.  0. -0.  0.  0. -0.  8. -0.]
 [ 0.  0.  0.  0.  0.  0.  0. -0.  0.  0. -0.  8.]]

K (free nodes), diag:
 [8. 8. 8. 8. 8. 8. 8. 8. 8. 8. 8. 8.]

#-------------------------

v_x:
 [[0.00016663]
 [0.        ]
 [0.00027034]
 [0.        ]
 [0.        ]
 [0.00038176]
 [0.        ]
 [0.00023657]
 [0.00016663]
 [0.        ]
 [0.00027034]
 [0.        ]]

v_y:
 [[0.]
 [0.]
 [0.]
 [0.]
 [0.]
 [0.]
 [0.]
 [0.]
 [0.]
 [0.]
 [0.]
 [0.]]

v_z:
 [[-0.00166632]
 [ 0.        ]
 [-0.00270344]
 [ 0.        ]
 [ 0.        ]
 [-0.00381756]
 [ 0.        ]
 [-0.00236574]
 [-0.00166632]
 [ 0.        ]
 [-0.00270344]
 [ 0.        ]]


KINETIC ENERGY: 0.0004498352893147514

#-------------------------

d_x [n_free x 1]:
 [[0.00016663]
 [0.        ]
 [0.00027034]
 [0.        ]
 [0.        ]
 [0.00038176]
 [0.        ]
 [0.00023657]
 [0.00016663]
 [0.        ]
 [0.00027034]
 [0.        ]]

d_y [n_free x 1]:
 [[0.]
 [0.]
 [0.]
 [0.]
 [0.]
 [0.]
 [0.]
 [0.]
 [0.]
 [0.]
 [0.]
 [0.]]

d_z [n_free x 1]:
 [[-0.00166632]
 [ 0.        ]
 [-0.00270344]
 [ 0.        ]
 [ 0.        ]
 [-0.00381756]
 [ 0.        ]
 [-0.00236574]
 [-0.00166632]
 [ 0.        ]
 [-0.00270344]
 [ 0.        ]]

#-------------------------

nodes new []:
 [[ 0.          0.          0.        ]
 [ 1.          0.          0.        ]
 [ 2.          0.          0.        ]
 [ 3.          0.          0.        ]
 [ 4.          0.          0.        ]
 [ 5.          0.          0.        ]
 [ 0.          1.          0.        ]
 [ 1.01310182  1.         -0.13101821]
 [ 2.03268542  1.         -0.3268542 ]
 [ 3.06505976  1.         -0.65059761]
 [ 4.099051    1.         -0.99050999]
 [ 5.          1.          0.        ]
 [ 0.          2.          0.        ]
 [ 1.01972186  2.         -0.19721863]
 [ 2.05339883  2.         -0.53398832]
 [ 3.12850262  2.         -1.28502622]
 [ 4.33165116  2.         -3.31651155]
 [ 5.          2.          0.        ]
 [ 0.          3.          0.        ]
 [ 1.01310182  3.         -0.13101821]
 [ 2.03268542  3.         -0.3268542 ]
 [ 3.06505976  3.         -0.65059761]
 [ 4.099051    3.         -0.99050999]
 [ 5.          3.          0.        ]
 [ 0.          4.          0.        ]
 [ 1.          4.          0.        ]
 [ 2.          4.          0.        ]
 [ 3.          4.          0.        ]
 [ 4.          4.          0.        ]
 [ 5.          4.          0.        ]]


#-------------------------
Total Len = 82.465,
Max error = 0.048

######################
# ITERATION: 19
# SOLVER: DR_imp
######################

#-------------------------

Force, [m x m] -> [m x 1]:
 [1.         1.         1.         1.00863146 1.         1.05256924
 1.         1.19478451 1.         1.41100005 1.         1.02153858
 1.         1.03822081 1.00221072 1.08194573 1.02143702 1.08842929
 1.18596993 1.33896197 2.5425157  1.         1.03861825 1.
 1.08715311 1.00221072 1.31145191 1.02143702 2.3610377  1.18596993
 3.38318475 2.5425157  1.         1.02153858 1.         1.03822081
 1.00863146 1.08194573 1.05256924 1.08842929 1.19478451 1.33896197
 1.41100005 1.         1.         1.         1.         1.
 1.        ]

Force Density, [m x m] -> [m x 1]:
 [1. 1. 1. 1. 1. 1. 1. 1. 1. 1. 1. 1. 1. 1. 1. 1. 1. 1. 1. 1. 1. 1. 1. 1.
 1. 1. 1. 1. 1. 1. 1. 1. 1. 1. 1. 1. 1. 1. 1. 1. 1. 1. 1. 1. 1. 1. 1. 1.
 1.]

#-------------------------

Element K_g, diag:
 [1. 1. 1. 1. 1. 1. 1. 1. 1. 1. 1. 1. 1. 1. 1. 1. 1. 1. 1. 1. 1. 1. 1. 1.
 1. 1. 1. 1. 1. 1. 1. 1. 1. 1. 1. 1. 1. 1. 1. 1. 1. 1. 1. 1. 1. 1. 1. 1.
 1.]

Element K_e, diag:
 [1. 1. 1. 1. 1. 1. 1. 1. 1. 1. 1. 1. 1. 1. 1. 1. 1. 1. 1. 1. 1. 1. 1. 1.
 1. 1. 1. 1. 1. 1. 1. 1. 1. 1. 1. 1. 1. 1. 1. 1. 1. 1. 1. 1. 1. 1. 1. 1.
 1.]

K (free nodes):
 [[ 8. -0.  0.  0. -0.  0.  0.  0.  0.  0.  0.  0.]
 [-0.  8. -0.  0.  0. -0.  0.  0.  0.  0.  0.  0.]
 [ 0. -0.  8. -0.  0.  0. -0.  0.  0.  0.  0.  0.]
 [ 0.  0. -0.  8.  0.  0.  0. -0.  0.  0.  0.  0.]
 [-0.  0.  0.  0.  8. -0.  0.  0. -0.  0.  0.  0.]
 [ 0. -0.  0.  0. -0.  8. -0.  0.  0. -0.  0.  0.]
 [ 0.  0. -0.  0.  0. -0.  8. -0.  0.  0. -0.  0.]
 [ 0.  0.  0. -0.  0.  0. -0.  8.  0.  0.  0. -0.]
 [ 0.  0.  0.  0. -0.  0.  0.  0.  8. -0.  0.  0.]
 [ 0.  0.  0.  0.  0. -0.  0.  0. -0.  8. -0.  0.]
 [ 0.  0.  0.  0.  0.  0. -0.  0.  0. -0.  8. -0.]
 [ 0.  0.  0.  0.  0.  0.  0. -0.  0.  0. -0.  8.]]

K (free nodes), diag:
 [8. 8. 8. 8. 8. 8. 8. 8. 8. 8. 8. 8.]

#-------------------------

v_x:
 [[ 0.00000000e+00]
 [ 2.04683047e-04]
 [-1.11022302e-16]
 [ 1.26729540e-04]
 [ 1.78755052e-04]
 [ 0.00000000e+00]
 [ 2.89754523e-04]
 [ 0.00000000e+00]
 [ 0.00000000e+00]
 [ 2.04683047e-04]
 [ 0.00000000e+00]
 [ 1.26729540e-04]]

v_y:
 [[ 0.00000000e+00]
 [ 0.00000000e+00]
 [-5.55111512e-17]
 [ 0.00000000e+00]
 [ 0.00000000e+00]
 [ 0.00000000e+00]
 [-8.32667268e-17]
 [ 0.00000000e+00]
 [ 0.00000000e+00]
 [ 0.00000000e+00]
 [ 0.00000000e+00]
 [ 0.00000000e+00]]

v_z:
 [[ 0.00000000e+00]
 [-2.04683047e-03]
 [ 3.56666425e-17]
 [-1.26729540e-03]
 [-1.78755052e-03]
 [ 0.00000000e+00]
 [-2.89754523e-03]
 [ 0.00000000e+00]
 [ 0.00000000e+00]
 [-2.04683047e-03]
 [ 5.55111512e-17]
 [-1.26729540e-03]]


KINETIC ENERGY: 0.00025854349930775776

#-------------------------

d_x [n_free x 1]:
 [[ 0.00000000e+00]
 [ 2.04683047e-04]
 [-1.11022302e-16]
 [ 1.26729540e-04]
 [ 1.78755052e-04]
 [ 0.00000000e+00]
 [ 2.89754523e-04]
 [ 0.00000000e+00]
 [ 0.00000000e+00]
 [ 2.04683047e-04]
 [ 0.00000000e+00]
 [ 1.26729540e-04]]

d_y [n_free x 1]:
 [[ 0.00000000e+00]
 [ 0.00000000e+00]
 [-5.55111512e-17]
 [ 0.00000000e+00]
 [ 0.00000000e+00]
 [ 0.00000000e+00]
 [-8.32667268e-17]
 [ 0.00000000e+00]
 [ 0.00000000e+00]
 [ 0.00000000e+00]
 [ 0.00000000e+00]
 [ 0.00000000e+00]]

d_z [n_free x 1]:
 [[ 0.00000000e+00]
 [-2.04683047e-03]
 [ 3.56666425e-17]
 [-1.26729540e-03]
 [-1.78755052e-03]
 [ 0.00000000e+00]
 [-2.89754523e-03]
 [ 0.00000000e+00]
 [ 0.00000000e+00]
 [-2.04683047e-03]
 [ 5.55111512e-17]
 [-1.26729540e-03]]

#-------------------------

nodes new []:
 [[ 0.          0.          0.        ]
 [ 1.          0.          0.        ]
 [ 2.          0.          0.        ]
 [ 3.          0.          0.        ]
 [ 4.          0.          0.        ]
 [ 5.          0.          0.        ]
 [ 0.          1.          0.        ]
 [ 1.01310182  1.         -0.13101821]
 [ 2.0328901   1.         -0.32890103]
 [ 3.06505976  1.         -0.65059761]
 [ 4.09917773  1.         -0.99177729]
 [ 5.          1.          0.        ]
 [ 0.          2.          0.        ]
 [ 1.01990062  2.         -0.19900618]
 [ 2.05339883  2.         -0.53398832]
 [ 3.12879238  2.         -1.28792377]
 [ 4.33165116  2.         -3.31651155]
 [ 5.          2.          0.        ]
 [ 0.          3.          0.        ]
 [ 1.01310182  3.         -0.13101821]
 [ 2.0328901   3.         -0.32890103]
 [ 3.06505976  3.         -0.65059761]
 [ 4.09917773  3.         -0.99177729]
 [ 5.          3.          0.        ]
 [ 0.          4.          0.        ]
 [ 1.          4.          0.        ]
 [ 2.          4.          0.        ]
 [ 3.          4.          0.        ]
 [ 4.          4.          0.        ]
 [ 5.          4.          0.        ]]


#-------------------------
Total Len = 82.465,
Max error = 0.000

######################
# FINAL STRUCTURE
######################

Final Nodes:
 [[ 0.          0.          0.        ]
 [ 1.          0.          0.        ]
 [ 2.          0.          0.        ]
 [ 3.          0.          0.        ]
 [ 4.          0.          0.        ]
 [ 5.          0.          0.        ]
 [ 0.          1.          0.        ]
 [ 1.01310182  1.         -0.13101821]
 [ 2.0328901   1.         -0.32890103]
 [ 3.06505976  1.         -0.65059761]
 [ 4.09917773  1.         -0.99177729]
 [ 5.          1.          0.        ]
 [ 0.          2.          0.        ]
 [ 1.01990062  2.         -0.19900618]
 [ 2.05339883  2.         -0.53398832]
 [ 3.12879238  2.         -1.28792377]
 [ 4.33165116  2.         -3.31651155]
 [ 5.          2.          0.        ]
 [ 0.          3.          0.        ]
 [ 1.01310182  3.         -0.13101821]
 [ 2.0328901   3.         -0.32890103]
 [ 3.06505976  3.         -0.65059761]
 [ 4.09917773  3.         -0.99177729]
 [ 5.          3.          0.        ]
 [ 0.          4.          0.        ]
 [ 1.          4.          0.        ]
 [ 2.          4.          0.        ]
 [ 3.          4.          0.        ]
 [ 4.          4.          0.        ]
 [ 5.          4.          0.        ]]

Final Element Lengths:
 [1.         1.         1.         1.00863146 1.         1.05321301
 1.         1.19478451 1.         1.41189887 1.         1.02153858
 1.         1.03880978 1.00233158 1.08113962 1.02101979 1.08894607
 1.18753799 1.33981452 2.54134478 1.         1.03913461 1.
 1.08643066 1.00233158 1.31335066 1.02101979 2.35839726 1.18753799
 3.38318475 2.54134478 1.         1.02153858 1.         1.03880978
 1.00863146 1.08113962 1.05321301 1.08894607 1.19478451 1.33981452
 1.41189887 1.         1.         1.         1.         1.
 1.        ]

Final Element Forces:
 [1.         1.         1.         1.00863146 1.         1.05256924
 1.         1.19478451 1.         1.41100005 1.         1.02153858
 1.         1.03822081 1.00221072 1.08194573 1.02143702 1.08842929
 1.18596993 1.33896197 2.5425157  1.         1.03861825 1.
 1.08715311 1.00221072 1.31145191 1.02143702 2.3610377  1.18596993
 3.38318475 2.5425157  1.         1.02153858 1.         1.03822081
 1.00863146 1.08194573 1.05256924 1.08842929 1.19478451 1.33896197
 1.41100005 1.         1.         1.         1.         1.
 1.        ]

Final Element Force Densities:
 [1. 1. 1. 1. 1. 1. 1. 1. 1. 1. 1. 1. 1. 1. 1. 1. 1. 1. 1. 1. 1. 1. 1. 1.
 1. 1. 1. 1. 1. 1. 1. 1. 1. 1. 1. 1. 1. 1. 1. 1. 1. 1. 1. 1. 1. 1. 1. 1.
 1.]

Final Element Forces (f/f_avg):
 [0.82829208 0.82829208 0.82829208 0.83544145 0.82829208 0.87183477
 0.82829208 0.98963054 0.82829208 1.16872017 0.82829208 0.84613232
 0.82829208 0.85995008 0.8301232  0.89616708 0.8460482  0.90153736
 0.9823295  1.10905159 2.10594562 0.82829208 0.86027927 0.82829208
 0.90048032 0.8301232  1.08626523 0.8460482  1.95562883 0.9823295
 2.80226514 2.10594562 0.82829208 0.84613232 0.82829208 0.85995008
 0.83544145 0.89616708 0.87183477 0.90153736 0.98963054 1.10905159
 1.16872017 0.82829208 0.82829208 0.82829208 0.82829208 0.82829208
 0.82829208]
