######################
# INPUT STRUCTURE
######################

Nodes:
 [[ 0.   0.  -4. ]
 [ 0.   2.5 -2. ]
 [ 0.   5.   0. ]
 [ 0.   7.5  2. ]
 [ 0.  10.   4. ]
 [ 2.5  0.  -2. ]
 [ 2.5  2.5  0. ]
 [ 2.5  5.   0. ]
 [ 2.5  7.5  0. ]
 [ 2.5 10.   2. ]
 [ 5.   0.   0. ]
 [ 5.   2.5  0. ]
 [ 5.   5.   0. ]
 [ 5.   7.5  0. ]
 [ 5.  10.   0. ]
 [ 7.5  0.   2. ]
 [ 7.5  2.5  0. ]
 [ 7.5  5.   0. ]
 [ 7.5  7.5  0. ]
 [ 7.5 10.  -2. ]
 [10.   0.   4. ]
 [10.   2.5  2. ]
 [10.   5.   0. ]
 [10.   7.5 -2. ]
 [10.  10.  -4. ]]

Elements:
 [[ 1  6]
 [ 1  2]
 [ 2  7]
 [ 2  3]
 [ 3  8]
 [ 3  4]
 [ 4  9]
 [ 4  5]
 [ 5 10]
 [ 6 11]
 [ 6  7]
 [ 7 12]
 [ 7  8]
 [ 8 13]
 [ 8  9]
 [ 9 14]
 [ 9 10]
 [10 15]
 [11 16]
 [11 12]
 [12 17]
 [12 13]
 [13 18]
 [13 14]
 [14 19]
 [14 15]
 [15 20]
 [16 21]
 [16 17]
 [17 22]
 [17 18]
 [18 23]
 [18 19]
 [19 24]
 [19 20]
 [20 25]
 [21 22]
 [22 23]
 [23 24]
 [24 25]]

Elements (Preload):
 [[1]
 [1]
 [1]
 [1]
 [1]
 [1]
 [1]
 [1]
 [1]
 [1]
 [1]
 [1]
 [1]
 [1]
 [1]
 [1]
 [1]
 [1]
 [1]
 [1]
 [1]
 [1]
 [1]
 [1]
 [1]
 [1]
 [1]
 [1]
 [1]
 [1]
 [1]
 [1]
 [1]
 [1]
 [1]
 [1]
 [1]
 [1]
 [1]
 [1]]

Nodes (Loads):
 [[0. 0. 0.]
 [0. 0. 0.]
 [0. 0. 0.]
 [0. 0. 0.]
 [0. 0. 0.]
 [0. 0. 0.]
 [0. 0. 0.]
 [0. 0. 0.]
 [0. 0. 0.]
 [0. 0. 0.]
 [0. 0. 0.]
 [0. 0. 0.]
 [0. 0. 0.]
 [0. 0. 0.]
 [0. 0. 0.]
 [0. 0. 0.]
 [0. 0. 0.]
 [0. 0. 0.]
 [0. 0. 0.]
 [0. 0. 0.]
 [0. 0. 0.]
 [0. 0. 0.]
 [0. 0. 0.]
 [0. 0. 0.]
 [0. 0. 0.]]

Nodes (Fixed):
 [[1]
 [1]
 [1]
 [1]
 [1]
 [1]
 [0]
 [0]
 [0]
 [1]
 [1]
 [0]
 [0]
 [0]
 [1]
 [1]
 [0]
 [0]
 [0]
 [1]
 [1]
 [1]
 [1]
 [1]
 [1]]

######################
# INPUT STRUCTURE MATRICES
######################

p_x:
 [[0.]
 [0.]
 [0.]
 [0.]
 [0.]
 [0.]
 [0.]
 [0.]
 [0.]]

p_y:
 [[0.]
 [0.]
 [0.]
 [0.]
 [0.]
 [0.]
 [0.]
 [0.]
 [0.]]

p_z:
 [[0.]
 [0.]
 [0.]
 [0.]
 [0.]
 [0.]
 [0.]
 [0.]
 [0.]]

#-------------------------

Connectivity Matrix:
 [[ 1  0  0  0  0 -1  0  0  0  0  0  0  0  0  0  0  0  0  0  0  0  0  0  0
   0]
 [ 1 -1  0  0  0  0  0  0  0  0  0  0  0  0  0  0  0  0  0  0  0  0  0  0
   0]
 [ 0  1  0  0  0  0 -1  0  0  0  0  0  0  0  0  0  0  0  0  0  0  0  0  0
   0]
 [ 0  1 -1  0  0  0  0  0  0  0  0  0  0  0  0  0  0  0  0  0  0  0  0  0
   0]
 [ 0  0  1  0  0  0  0 -1  0  0  0  0  0  0  0  0  0  0  0  0  0  0  0  0
   0]
 [ 0  0  1 -1  0  0  0  0  0  0  0  0  0  0  0  0  0  0  0  0  0  0  0  0
   0]
 [ 0  0  0  1  0  0  0  0 -1  0  0  0  0  0  0  0  0  0  0  0  0  0  0  0
   0]
 [ 0  0  0  1 -1  0  0  0  0  0  0  0  0  0  0  0  0  0  0  0  0  0  0  0
   0]
 [ 0  0  0  0  1  0  0  0  0 -1  0  0  0  0  0  0  0  0  0  0  0  0  0  0
   0]
 [ 0  0  0  0  0  1  0  0  0  0 -1  0  0  0  0  0  0  0  0  0  0  0  0  0
   0]
 [ 0  0  0  0  0  1 -1  0  0  0  0  0  0  0  0  0  0  0  0  0  0  0  0  0
   0]
 [ 0  0  0  0  0  0  1  0  0  0  0 -1  0  0  0  0  0  0  0  0  0  0  0  0
   0]
 [ 0  0  0  0  0  0  1 -1  0  0  0  0  0  0  0  0  0  0  0  0  0  0  0  0
   0]
 [ 0  0  0  0  0  0  0  1  0  0  0  0 -1  0  0  0  0  0  0  0  0  0  0  0
   0]
 [ 0  0  0  0  0  0  0  1 -1  0  0  0  0  0  0  0  0  0  0  0  0  0  0  0
   0]
 [ 0  0  0  0  0  0  0  0  1  0  0  0  0 -1  0  0  0  0  0  0  0  0  0  0
   0]
 [ 0  0  0  0  0  0  0  0  1 -1  0  0  0  0  0  0  0  0  0  0  0  0  0  0
   0]
 [ 0  0  0  0  0  0  0  0  0  1  0  0  0  0 -1  0  0  0  0  0  0  0  0  0
   0]
 [ 0  0  0  0  0  0  0  0  0  0  1  0  0  0  0 -1  0  0  0  0  0  0  0  0
   0]
 [ 0  0  0  0  0  0  0  0  0  0  1 -1  0  0  0  0  0  0  0  0  0  0  0  0
   0]
 [ 0  0  0  0  0  0  0  0  0  0  0  1  0  0  0  0 -1  0  0  0  0  0  0  0
   0]
 [ 0  0  0  0  0  0  0  0  0  0  0  1 -1  0  0  0  0  0  0  0  0  0  0  0
   0]
 [ 0  0  0  0  0  0  0  0  0  0  0  0  1  0  0  0  0 -1  0  0  0  0  0  0
   0]
 [ 0  0  0  0  0  0  0  0  0  0  0  0  1 -1  0  0  0  0  0  0  0  0  0  0
   0]
 [ 0  0  0  0  0  0  0  0  0  0  0  0  0  1  0  0  0  0 -1  0  0  0  0  0
   0]
 [ 0  0  0  0  0  0  0  0  0  0  0  0  0  1 -1  0  0  0  0  0  0  0  0  0
   0]
 [ 0  0  0  0  0  0  0  0  0  0  0  0  0  0  1  0  0  0  0 -1  0  0  0  0
   0]
 [ 0  0  0  0  0  0  0  0  0  0  0  0  0  0  0  1  0  0  0  0 -1  0  0  0
   0]
 [ 0  0  0  0  0  0  0  0  0  0  0  0  0  0  0  1 -1  0  0  0  0  0  0  0
   0]
 [ 0  0  0  0  0  0  0  0  0  0  0  0  0  0  0  0  1  0  0  0  0 -1  0  0
   0]
 [ 0  0  0  0  0  0  0  0  0  0  0  0  0  0  0  0  1 -1  0  0  0  0  0  0
   0]
 [ 0  0  0  0  0  0  0  0  0  0  0  0  0  0  0  0  0  1  0  0  0  0 -1  0
   0]
 [ 0  0  0  0  0  0  0  0  0  0  0  0  0  0  0  0  0  1 -1  0  0  0  0  0
   0]
 [ 0  0  0  0  0  0  0  0  0  0  0  0  0  0  0  0  0  0  1  0  0  0  0 -1
   0]
 [ 0  0  0  0  0  0  0  0  0  0  0  0  0  0  0  0  0  0  1 -1  0  0  0  0
   0]
 [ 0  0  0  0  0  0  0  0  0  0  0  0  0  0  0  0  0  0  0  1  0  0  0  0
  -1]
 [ 0  0  0  0  0  0  0  0  0  0  0  0  0  0  0  0  0  0  0  0  1 -1  0  0
   0]
 [ 0  0  0  0  0  0  0  0  0  0  0  0  0  0  0  0  0  0  0  0  0  1 -1  0
   0]
 [ 0  0  0  0  0  0  0  0  0  0  0  0  0  0  0  0  0  0  0  0  0  0  1 -1
   0]
 [ 0  0  0  0  0  0  0  0  0  0  0  0  0  0  0  0  0  0  0  0  0  0  0  1
  -1]]

C (free n), m x n_free:
 [[ 0  0  0  0  0  0  0  0  0]
 [ 0  0  0  0  0  0  0  0  0]
 [-1  0  0  0  0  0  0  0  0]
 [ 0  0  0  0  0  0  0  0  0]
 [ 0 -1  0  0  0  0  0  0  0]
 [ 0  0  0  0  0  0  0  0  0]
 [ 0  0 -1  0  0  0  0  0  0]
 [ 0  0  0  0  0  0  0  0  0]
 [ 0  0  0  0  0  0  0  0  0]
 [ 0  0  0  0  0  0  0  0  0]
 [-1  0  0  0  0  0  0  0  0]
 [ 1  0  0 -1  0  0  0  0  0]
 [ 1 -1  0  0  0  0  0  0  0]
 [ 0  1  0  0 -1  0  0  0  0]
 [ 0  1 -1  0  0  0  0  0  0]
 [ 0  0  1  0  0 -1  0  0  0]
 [ 0  0  1  0  0  0  0  0  0]
 [ 0  0  0  0  0  0  0  0  0]
 [ 0  0  0  0  0  0  0  0  0]
 [ 0  0  0 -1  0  0  0  0  0]
 [ 0  0  0  1  0  0 -1  0  0]
 [ 0  0  0  1 -1  0  0  0  0]
 [ 0  0  0  0  1  0  0 -1  0]
 [ 0  0  0  0  1 -1  0  0  0]
 [ 0  0  0  0  0  1  0  0 -1]
 [ 0  0  0  0  0  1  0  0  0]
 [ 0  0  0  0  0  0  0  0  0]
 [ 0  0  0  0  0  0  0  0  0]
 [ 0  0  0  0  0  0 -1  0  0]
 [ 0  0  0  0  0  0  1  0  0]
 [ 0  0  0  0  0  0  1 -1  0]
 [ 0  0  0  0  0  0  0  1  0]
 [ 0  0  0  0  0  0  0  1 -1]
 [ 0  0  0  0  0  0  0  0  1]
 [ 0  0  0  0  0  0  0  0  1]
 [ 0  0  0  0  0  0  0  0  0]
 [ 0  0  0  0  0  0  0  0  0]
 [ 0  0  0  0  0  0  0  0  0]
 [ 0  0  0  0  0  0  0  0  0]
 [ 0  0  0  0  0  0  0  0  0]]

Cf (fixed n), m x n_fixed:
 [[ 1  0  0  0  0 -1  0  0  0  0  0  0  0  0  0  0]
 [ 1 -1  0  0  0  0  0  0  0  0  0  0  0  0  0  0]
 [ 0  1  0  0  0  0  0  0  0  0  0  0  0  0  0  0]
 [ 0  1 -1  0  0  0  0  0  0  0  0  0  0  0  0  0]
 [ 0  0  1  0  0  0  0  0  0  0  0  0  0  0  0  0]
 [ 0  0  1 -1  0  0  0  0  0  0  0  0  0  0  0  0]
 [ 0  0  0  1  0  0  0  0  0  0  0  0  0  0  0  0]
 [ 0  0  0  1 -1  0  0  0  0  0  0  0  0  0  0  0]
 [ 0  0  0  0  1  0 -1  0  0  0  0  0  0  0  0  0]
 [ 0  0  0  0  0  1  0 -1  0  0  0  0  0  0  0  0]
 [ 0  0  0  0  0  1  0  0  0  0  0  0  0  0  0  0]
 [ 0  0  0  0  0  0  0  0  0  0  0  0  0  0  0  0]
 [ 0  0  0  0  0  0  0  0  0  0  0  0  0  0  0  0]
 [ 0  0  0  0  0  0  0  0  0  0  0  0  0  0  0  0]
 [ 0  0  0  0  0  0  0  0  0  0  0  0  0  0  0  0]
 [ 0  0  0  0  0  0  0  0  0  0  0  0  0  0  0  0]
 [ 0  0  0  0  0  0 -1  0  0  0  0  0  0  0  0  0]
 [ 0  0  0  0  0  0  1  0 -1  0  0  0  0  0  0  0]
 [ 0  0  0  0  0  0  0  1  0 -1  0  0  0  0  0  0]
 [ 0  0  0  0  0  0  0  1  0  0  0  0  0  0  0  0]
 [ 0  0  0  0  0  0  0  0  0  0  0  0  0  0  0  0]
 [ 0  0  0  0  0  0  0  0  0  0  0  0  0  0  0  0]
 [ 0  0  0  0  0  0  0  0  0  0  0  0  0  0  0  0]
 [ 0  0  0  0  0  0  0  0  0  0  0  0  0  0  0  0]
 [ 0  0  0  0  0  0  0  0  0  0  0  0  0  0  0  0]
 [ 0  0  0  0  0  0  0  0 -1  0  0  0  0  0  0  0]
 [ 0  0  0  0  0  0  0  0  1  0 -1  0  0  0  0  0]
 [ 0  0  0  0  0  0  0  0  0  1  0 -1  0  0  0  0]
 [ 0  0  0  0  0  0  0  0  0  1  0  0  0  0  0  0]
 [ 0  0  0  0  0  0  0  0  0  0  0  0 -1  0  0  0]
 [ 0  0  0  0  0  0  0  0  0  0  0  0  0  0  0  0]
 [ 0  0  0  0  0  0  0  0  0  0  0  0  0 -1  0  0]
 [ 0  0  0  0  0  0  0  0  0  0  0  0  0  0  0  0]
 [ 0  0  0  0  0  0  0  0  0  0  0  0  0  0 -1  0]
 [ 0  0  0  0  0  0  0  0  0  0 -1  0  0  0  0  0]
 [ 0  0  0  0  0  0  0  0  0  0  1  0  0  0  0 -1]
 [ 0  0  0  0  0  0  0  0  0  0  0  1 -1  0  0  0]
 [ 0  0  0  0  0  0  0  0  0  0  0  0  1 -1  0  0]
 [ 0  0  0  0  0  0  0  0  0  0  0  0  0  1 -1  0]
 [ 0  0  0  0  0  0  0  0  0  0  0  0  0  0  1 -1]]

######################
# ITERATION: 0
# SOLVER: DR_leap
######################

#-------------------------

Force, [m x m] -> [m x 1]:
 [3.20156212 3.20156212 3.20156212 3.20156212 2.5        3.20156212
 3.20156212 3.20156212 3.20156212 3.20156212 3.20156212 2.5
 2.5        2.5        2.5        2.5        3.20156212 3.20156212
 3.20156212 2.5        2.5        2.5        2.5        2.5
 2.5        2.5        3.20156212 3.20156212 3.20156212 3.20156212
 2.5        2.5        2.5        3.20156212 3.20156212 3.20156212
 3.20156212 3.20156212 3.20156212 3.20156212]

Force Density, [m x m] -> [m x 1]:
 [1. 1. 1. 1. 1. 1. 1. 1. 1. 1. 1. 1. 1. 1. 1. 1. 1. 1. 1. 1. 1. 1. 1. 1.
 1. 1. 1. 1. 1. 1. 1. 1. 1. 1. 1. 1. 1. 1. 1. 1.]

#-------------------------

Element K_g, diag:
 [1. 1. 1. 1. 1. 1. 1. 1. 1. 1. 1. 1. 1. 1. 1. 1. 1. 1. 1. 1. 1. 1. 1. 1.
 1. 1. 1. 1. 1. 1. 1. 1. 1. 1. 1. 1. 1. 1. 1. 1.]

Element K_e, diag:
 [1. 1. 1. 1. 1. 1. 1. 1. 1. 1. 1. 1. 1. 1. 1. 1. 1. 1. 1. 1. 1. 1. 1. 1.
 1. 1. 1. 1. 1. 1. 1. 1. 1. 1. 1. 1. 1. 1. 1. 1.]

K (free nodes):
 [[ 8. -2.  0. -2.  0.  0.  0.  0.  0.]
 [-2.  8. -2.  0. -2.  0.  0.  0.  0.]
 [ 0. -2.  8.  0.  0. -2.  0.  0.  0.]
 [-2.  0.  0.  8. -2.  0. -2.  0.  0.]
 [ 0. -2.  0. -2.  8. -2.  0. -2.  0.]
 [ 0.  0. -2.  0. -2.  8.  0.  0. -2.]
 [ 0.  0.  0. -2.  0.  0.  8. -2.  0.]
 [ 0.  0.  0.  0. -2.  0. -2.  8. -2.]
 [ 0.  0.  0.  0.  0. -2.  0. -2.  8.]]

K (free nodes), diag:
 [8. 8. 8. 8. 8. 8. 8. 8. 8.]

#-------------------------

v_x:
 [[0.]
 [0.]
 [0.]
 [0.]
 [0.]
 [0.]
 [0.]
 [0.]
 [0.]]

v_y:
 [[0.]
 [0.]
 [0.]
 [0.]
 [0.]
 [0.]
 [0.]
 [0.]
 [0.]]

v_z:
 [[-5.00000000e+00]
 [-4.16333634e-16]
 [ 5.00000000e+00]
 [ 0.00000000e+00]
 [ 0.00000000e+00]
 [ 2.77555756e-16]
 [ 5.00000000e+00]
 [ 2.77555756e-16]
 [-5.00000000e+00]]


KINETIC ENERGY: 2.0000000000000004

#-------------------------

d_x [n_free x 1]:
 [[0.]
 [0.]
 [0.]
 [0.]
 [0.]
 [0.]
 [0.]
 [0.]
 [0.]]

d_y [n_free x 1]:
 [[0.]
 [0.]
 [0.]
 [0.]
 [0.]
 [0.]
 [0.]
 [0.]
 [0.]]

d_z [n_free x 1]:
 [[-5.00000000e-01]
 [-4.16333634e-17]
 [ 5.00000000e-01]
 [ 0.00000000e+00]
 [ 0.00000000e+00]
 [ 2.77555756e-17]
 [ 5.00000000e-01]
 [ 2.77555756e-17]
 [-5.00000000e-01]]


    +----+------------+-----------+-----------+
    | t  | t - 3dt/2  | t - dt/2  | t + dt/2  |
    +----+------------+-----------+-----------+
    | E  | 0.000e+00  | 0.000e+00 | 2.000e+00 |
    +----+------------+-----------+-----------+


#-------------------------

nodes new []:
 [[ 0.00000000e+00  0.00000000e+00 -4.00000000e+00]
 [ 0.00000000e+00  2.50000000e+00 -2.00000000e+00]
 [ 0.00000000e+00  5.00000000e+00  0.00000000e+00]
 [ 0.00000000e+00  7.50000000e+00  2.00000000e+00]
 [ 0.00000000e+00  1.00000000e+01  4.00000000e+00]
 [ 2.50000000e+00  0.00000000e+00 -2.00000000e+00]
 [ 2.50000000e+00  2.50000000e+00 -5.00000000e-01]
 [ 2.50000000e+00  5.00000000e+00 -4.16333634e-17]
 [ 2.50000000e+00  7.50000000e+00  5.00000000e-01]
 [ 2.50000000e+00  1.00000000e+01  2.00000000e+00]
 [ 5.00000000e+00  0.00000000e+00  0.00000000e+00]
 [ 5.00000000e+00  2.50000000e+00  0.00000000e+00]
 [ 5.00000000e+00  5.00000000e+00  0.00000000e+00]
 [ 5.00000000e+00  7.50000000e+00  2.77555756e-17]
 [ 5.00000000e+00  1.00000000e+01  0.00000000e+00]
 [ 7.50000000e+00  0.00000000e+00  2.00000000e+00]
 [ 7.50000000e+00  2.50000000e+00  5.00000000e-01]
 [ 7.50000000e+00  5.00000000e+00  2.77555756e-17]
 [ 7.50000000e+00  7.50000000e+00 -5.00000000e-01]
 [ 7.50000000e+00  1.00000000e+01 -2.00000000e+00]
 [ 1.00000000e+01  0.00000000e+00  4.00000000e+00]
 [ 1.00000000e+01  2.50000000e+00  2.00000000e+00]
 [ 1.00000000e+01  5.00000000e+00  0.00000000e+00]
 [ 1.00000000e+01  7.50000000e+00 -2.00000000e+00]
 [ 1.00000000e+01  1.00000000e+01 -4.00000000e+00]]


#-------------------------
Total Len = 334.000,
Max error = 12.000

######################
# ITERATION: 1
# SOLVER: DR_leap
######################

#-------------------------

Force, [m x m] -> [m x 1]:
 [3.20156212 3.20156212 2.91547595 3.20156212 2.5        3.20156212
 2.91547595 3.20156212 3.20156212 3.20156212 2.91547595 2.54950976
 2.54950976 2.5        2.54950976 2.54950976 2.91547595 3.20156212
 3.20156212 2.5        2.54950976 2.5        2.5        2.5
 2.54950976 2.5        3.20156212 3.20156212 2.91547595 2.91547595
 2.54950976 2.5        2.54950976 2.91547595 2.91547595 3.20156212
 3.20156212 3.20156212 3.20156212 3.20156212]

Force Density, [m x m] -> [m x 1]:
 [1. 1. 1. 1. 1. 1. 1. 1. 1. 1. 1. 1. 1. 1. 1. 1. 1. 1. 1. 1. 1. 1. 1. 1.
 1. 1. 1. 1. 1. 1. 1. 1. 1. 1. 1. 1. 1. 1. 1. 1.]

#-------------------------

Element K_g, diag:
 [1. 1. 1. 1. 1. 1. 1. 1. 1. 1. 1. 1. 1. 1. 1. 1. 1. 1. 1. 1. 1. 1. 1. 1.
 1. 1. 1. 1. 1. 1. 1. 1. 1. 1. 1. 1. 1. 1. 1. 1.]

Element K_e, diag:
 [1. 1. 1. 1. 1. 1. 1. 1. 1. 1. 1. 1. 1. 1. 1. 1. 1. 1. 1. 1. 1. 1. 1. 1.
 1. 1. 1. 1. 1. 1. 1. 1. 1. 1. 1. 1. 1. 1. 1. 1.]

K (free nodes):
 [[ 8. -2.  0. -2.  0.  0.  0.  0.  0.]
 [-2.  8. -2.  0. -2.  0.  0.  0.  0.]
 [ 0. -2.  8.  0.  0. -2.  0.  0.  0.]
 [-2.  0.  0.  8. -2.  0. -2.  0.  0.]
 [ 0. -2.  0. -2.  8. -2.  0. -2.  0.]
 [ 0.  0. -2.  0. -2.  8.  0.  0. -2.]
 [ 0.  0.  0. -2.  0.  0.  8. -2.  0.]
 [ 0.  0.  0.  0. -2.  0. -2.  8. -2.]
 [ 0.  0.  0.  0.  0. -2.  0. -2.  8.]]

K (free nodes), diag:
 [8. 8. 8. 8. 8. 8. 8. 8. 8.]

#-------------------------

v_x:
 [[-3.05311332e-15]
 [-2.77555756e-15]
 [-3.05311332e-15]
 [-4.99600361e-15]
 [-4.99600361e-15]
 [-4.99600361e-15]
 [-1.19348975e-14]
 [-7.21644966e-15]
 [-1.19348975e-14]]

v_y:
 [[-3.05311332e-15]
 [-4.99600361e-15]
 [-1.19348975e-14]
 [-2.77555756e-15]
 [-4.99600361e-15]
 [-7.21644966e-15]
 [-3.05311332e-15]
 [-4.99600361e-15]
 [-1.19348975e-14]]

v_z:
 [[-1.00000000e+01]
 [-4.36159045e-16]
 [ 1.00000000e+01]
 [-1.58603289e-16]
 [-1.38777878e-16]
 [-1.18952467e-16]
 [ 1.00000000e+01]
 [ 1.58603289e-16]
 [-1.00000000e+01]]


KINETIC ENERGY: 8.000000000000002

#-------------------------

d_x [n_free x 1]:
 [[-3.05311332e-16]
 [-2.77555756e-16]
 [-3.05311332e-16]
 [-4.99600361e-16]
 [-4.99600361e-16]
 [-4.99600361e-16]
 [-1.19348975e-15]
 [-7.21644966e-16]
 [-1.19348975e-15]]

d_y [n_free x 1]:
 [[-3.05311332e-16]
 [-4.99600361e-16]
 [-1.19348975e-15]
 [-2.77555756e-16]
 [-4.99600361e-16]
 [-7.21644966e-16]
 [-3.05311332e-16]
 [-4.99600361e-16]
 [-1.19348975e-15]]

d_z [n_free x 1]:
 [[-1.00000000e+00]
 [-4.36159045e-17]
 [ 1.00000000e+00]
 [-1.58603289e-17]
 [-1.38777878e-17]
 [-1.18952467e-17]
 [ 1.00000000e+00]
 [ 1.58603289e-17]
 [-1.00000000e+00]]


    +----+------------+-----------+-----------+
    | t  | t - 3dt/2  | t - dt/2  | t + dt/2  |
    +----+------------+-----------+-----------+
    | E  | 0.000e+00  | 2.000e+00 | 8.000e+00 |
    +----+------------+-----------+-----------+


#-------------------------

nodes new []:
 [[ 0.00000000e+00  0.00000000e+00 -4.00000000e+00]
 [ 0.00000000e+00  2.50000000e+00 -2.00000000e+00]
 [ 0.00000000e+00  5.00000000e+00  0.00000000e+00]
 [ 0.00000000e+00  7.50000000e+00  2.00000000e+00]
 [ 0.00000000e+00  1.00000000e+01  4.00000000e+00]
 [ 2.50000000e+00  0.00000000e+00 -2.00000000e+00]
 [ 2.50000000e+00  2.50000000e+00 -1.50000000e+00]
 [ 2.50000000e+00  5.00000000e+00 -8.52492680e-17]
 [ 2.50000000e+00  7.50000000e+00  1.50000000e+00]
 [ 2.50000000e+00  1.00000000e+01  2.00000000e+00]
 [ 5.00000000e+00  0.00000000e+00  0.00000000e+00]
 [ 5.00000000e+00  2.50000000e+00 -1.58603289e-17]
 [ 5.00000000e+00  5.00000000e+00 -1.38777878e-17]
 [ 5.00000000e+00  7.50000000e+00  1.58603289e-17]
 [ 5.00000000e+00  1.00000000e+01  0.00000000e+00]
 [ 7.50000000e+00  0.00000000e+00  2.00000000e+00]
 [ 7.50000000e+00  2.50000000e+00  1.50000000e+00]
 [ 7.50000000e+00  5.00000000e+00  4.36159045e-17]
 [ 7.50000000e+00  7.50000000e+00 -1.50000000e+00]
 [ 7.50000000e+00  1.00000000e+01 -2.00000000e+00]
 [ 1.00000000e+01  0.00000000e+00  4.00000000e+00]
 [ 1.00000000e+01  2.50000000e+00  2.00000000e+00]
 [ 1.00000000e+01  5.00000000e+00  0.00000000e+00]
 [ 1.00000000e+01  7.50000000e+00 -2.00000000e+00]
 [ 1.00000000e+01  1.00000000e+01 -4.00000000e+00]]


#-------------------------
Total Len = 334.000,
Max error = 0.000

######################
# ITERATION: 2
# SOLVER: DR_leap
######################

#-------------------------

Force, [m x m] -> [m x 1]:
 [3.20156212 3.20156212 2.54950976 3.20156212 2.5        3.20156212
 2.54950976 3.20156212 3.20156212 3.20156212 2.54950976 2.91547595
 2.91547595 2.5        2.91547595 2.91547595 2.54950976 3.20156212
 3.20156212 2.5        2.91547595 2.5        2.5        2.5
 2.91547595 2.5        3.20156212 3.20156212 2.54950976 2.54950976
 2.91547595 2.5        2.91547595 2.54950976 2.54950976 3.20156212
 3.20156212 3.20156212 3.20156212 3.20156212]

Force Density, [m x m] -> [m x 1]:
 [1. 1. 1. 1. 1. 1. 1. 1. 1. 1. 1. 1. 1. 1. 1. 1. 1. 1. 1. 1. 1. 1. 1. 1.
 1. 1. 1. 1. 1. 1. 1. 1. 1. 1. 1. 1. 1. 1. 1. 1.]

#-------------------------

Element K_g, diag:
 [1. 1. 1. 1. 1. 1. 1. 1. 1. 1. 1. 1. 1. 1. 1. 1. 1. 1. 1. 1. 1. 1. 1. 1.
 1. 1. 1. 1. 1. 1. 1. 1. 1. 1. 1. 1. 1. 1. 1. 1.]

Element K_e, diag:
 [1. 1. 1. 1. 1. 1. 1. 1. 1. 1. 1. 1. 1. 1. 1. 1. 1. 1. 1. 1. 1. 1. 1. 1.
 1. 1. 1. 1. 1. 1. 1. 1. 1. 1. 1. 1. 1. 1. 1. 1.]

K (free nodes):
 [[ 8. -2.  0. -2.  0.  0.  0.  0.  0.]
 [-2.  8. -2.  0. -2.  0.  0.  0.  0.]
 [ 0. -2.  8.  0.  0. -2.  0.  0.  0.]
 [-2.  0.  0.  8. -2.  0. -2.  0.  0.]
 [ 0. -2.  0. -2.  8. -2.  0. -2.  0.]
 [ 0.  0. -2.  0. -2.  8.  0.  0. -2.]
 [ 0.  0.  0. -2.  0.  0.  8. -2.  0.]
 [ 0.  0.  0.  0. -2.  0. -2.  8. -2.]
 [ 0.  0.  0.  0.  0. -2.  0. -2.  8.]]

K (free nodes), diag:
 [8. 8. 8. 8. 8. 8. 8. 8. 8.]

#-------------------------

v_x:
 [[ 8.72318091e-16]
 [-1.58603289e-15]
 [-2.77555756e-15]
 [ 6.34413157e-16]
 [-4.44089210e-15]
 [-5.07530526e-15]
 [-1.16573418e-14]
 [-1.17366434e-14]
 [-1.30847714e-14]]

v_y:
 [[-1.16474291e-15]
 [-2.63182333e-15]
 [-1.26238306e-14]
 [-2.02714829e-15]
 [-5.62050406e-15]
 [-1.23363621e-14]
 [-2.98868073e-15]
 [-5.48668254e-15]
 [-1.33375454e-14]]

v_z:
 [[-5.00000000e+00]
 [ 9.51619735e-16]
 [ 5.00000000e+00]
 [-4.36159045e-16]
 [ 1.38777878e-16]
 [ 1.58603289e-16]
 [ 5.00000000e+00]
 [-3.96508223e-16]
 [-5.00000000e+00]]


KINETIC ENERGY: 2.0

#-------------------------

d_x [n_free x 1]:
 [[ 8.72318091e-17]
 [-1.58603289e-16]
 [-2.77555756e-16]
 [ 6.34413157e-17]
 [-4.44089210e-16]
 [-5.07530526e-16]
 [-1.16573418e-15]
 [-1.17366434e-15]
 [-1.30847714e-15]]

d_y [n_free x 1]:
 [[-1.16474291e-16]
 [-2.63182333e-16]
 [-1.26238306e-15]
 [-2.02714829e-16]
 [-5.62050406e-16]
 [-1.23363621e-15]
 [-2.98868073e-16]
 [-5.48668254e-16]
 [-1.33375454e-15]]

d_z [n_free x 1]:
 [[-5.00000000e-01]
 [ 9.51619735e-17]
 [ 5.00000000e-01]
 [-4.36159045e-17]
 [ 1.38777878e-17]
 [ 1.58603289e-17]
 [ 5.00000000e-01]
 [-3.96508223e-17]
 [-5.00000000e-01]]


    +----+------------+-----------+-----------+
    | t  | t - 3dt/2  | t - dt/2  | t + dt/2  |
    +----+------------+-----------+-----------+
    | E  | 2.000e+00  | 8.000e+00 | 2.000e+00 |
    +----+------------+-----------+-----------+



KINETIC ENERGY PEAK REACHED. APPLYING DAMPING.
Interpolated q = 0.500

#-------------------------

d_x [n_free x 1]:
 [[-1.41751690e-16]
 [ 4.95635279e-17]
 [ 1.31838984e-16]
 [-1.72481077e-16]
 [ 2.08166817e-16]
 [ 2.55747804e-16]
 [ 5.75928194e-16]
 [ 6.99837014e-16]
 [ 6.82985414e-16]]

d_y [n_free x 1]:
 [[1.10278850e-17]
 [7.24866595e-17]
 [6.48414854e-16]
 [8.26471827e-17]
 [2.96637714e-16]
 [7.44815915e-16]
 [1.47823222e-16]
 [2.86601100e-16]
 [7.01943464e-16]]

d_z [n_free x 1]:
 [[ 1.25000000e-01]
 [-8.22754563e-17]
 [-1.25000000e-01]
 [ 2.87468462e-17]
 [-1.38777878e-17]
 [-1.48690584e-17]
 [-1.25000000e-01]
 [ 3.37031990e-17]
 [ 1.25000000e-01]]

#-------------------------

nodes new []:
 [[ 0.00000000e+00  0.00000000e+00 -4.00000000e+00]
 [ 0.00000000e+00  2.50000000e+00 -2.00000000e+00]
 [ 0.00000000e+00  5.00000000e+00  0.00000000e+00]
 [ 0.00000000e+00  7.50000000e+00  2.00000000e+00]
 [ 0.00000000e+00  1.00000000e+01  4.00000000e+00]
 [ 2.50000000e+00  0.00000000e+00 -2.00000000e+00]
 [ 2.50000000e+00  2.50000000e+00 -1.37500000e+00]
 [ 2.50000000e+00  5.00000000e+00 -1.67524724e-16]
 [ 2.50000000e+00  7.50000000e+00  1.37500000e+00]
 [ 2.50000000e+00  1.00000000e+01  2.00000000e+00]
 [ 5.00000000e+00  0.00000000e+00  0.00000000e+00]
 [ 5.00000000e+00  2.50000000e+00  1.28865173e-17]
 [ 5.00000000e+00  5.00000000e+00 -2.77555756e-17]
 [ 5.00000000e+00  7.50000000e+00  9.91270558e-19]
 [ 5.00000000e+00  1.00000000e+01  0.00000000e+00]
 [ 7.50000000e+00  0.00000000e+00  2.00000000e+00]
 [ 7.50000000e+00  2.50000000e+00  1.37500000e+00]
 [ 7.50000000e+00  5.00000000e+00  7.73191035e-17]
 [ 7.50000000e+00  7.50000000e+00 -1.37500000e+00]
 [ 7.50000000e+00  1.00000000e+01 -2.00000000e+00]
 [ 1.00000000e+01  0.00000000e+00  4.00000000e+00]
 [ 1.00000000e+01  2.50000000e+00  2.00000000e+00]
 [ 1.00000000e+01  5.00000000e+00  0.00000000e+00]
 [ 1.00000000e+01  7.50000000e+00 -2.00000000e+00]
 [ 1.00000000e+01  1.00000000e+01 -4.00000000e+00]]


#-------------------------
Total Len = 332.250,
Max error = 1.750

######################
# ITERATION: 3
# SOLVER: DR_leap
######################

#-------------------------

Force, [m x m] -> [m x 1]:
 [3.20156212 3.20156212 2.57694102 3.20156212 2.5        3.20156212
 2.57694102 3.20156212 3.20156212 3.20156212 2.57694102 2.85317805
 2.85317805 2.5        2.85317805 2.85317805 2.57694102 3.20156212
 3.20156212 2.5        2.85317805 2.5        2.5        2.5
 2.85317805 2.5        3.20156212 3.20156212 2.57694102 2.57694102
 2.85317805 2.5        2.85317805 2.57694102 2.57694102 3.20156212
 3.20156212 3.20156212 3.20156212 3.20156212]

Force Density, [m x m] -> [m x 1]:
 [1. 1. 1. 1. 1. 1. 1. 1. 1. 1. 1. 1. 1. 1. 1. 1. 1. 1. 1. 1. 1. 1. 1. 1.
 1. 1. 1. 1. 1. 1. 1. 1. 1. 1. 1. 1. 1. 1. 1. 1.]

#-------------------------

Element K_g, diag:
 [1. 1. 1. 1. 1. 1. 1. 1. 1. 1. 1. 1. 1. 1. 1. 1. 1. 1. 1. 1. 1. 1. 1. 1.
 1. 1. 1. 1. 1. 1. 1. 1. 1. 1. 1. 1. 1. 1. 1. 1.]

Element K_e, diag:
 [1. 1. 1. 1. 1. 1. 1. 1. 1. 1. 1. 1. 1. 1. 1. 1. 1. 1. 1. 1. 1. 1. 1. 1.
 1. 1. 1. 1. 1. 1. 1. 1. 1. 1. 1. 1. 1. 1. 1. 1.]

K (free nodes):
 [[ 8. -2.  0. -2.  0.  0.  0.  0.  0.]
 [-2.  8. -2.  0. -2.  0.  0.  0.  0.]
 [ 0. -2.  8.  0.  0. -2.  0.  0.  0.]
 [-2.  0.  0.  8. -2.  0. -2.  0.  0.]
 [ 0. -2.  0. -2.  8. -2.  0. -2.  0.]
 [ 0.  0. -2.  0. -2.  8.  0.  0. -2.]
 [ 0.  0.  0. -2.  0.  0.  8. -2.  0.]
 [ 0.  0.  0.  0. -2.  0. -2.  8. -2.]
 [ 0.  0.  0.  0.  0. -2.  0. -2.  8.]]

K (free nodes), diag:
 [8. 8. 8. 8. 8. 8. 8. 8. 8.]

#-------------------------

v_x:
 [[4.16333634e-15]
 [4.55984457e-15]
 [3.52892319e-15]
 [7.65260871e-15]
 [6.10622664e-15]
 [5.11495608e-15]
 [2.57730345e-15]
 [2.65660509e-15]
 [1.94289029e-15]]

v_y:
 [[2.84494650e-15]
 [5.82867088e-15]
 [2.01227923e-15]
 [3.33066907e-15]
 [5.13478149e-15]
 [2.22044605e-15]
 [3.12250226e-15]
 [4.71844785e-15]
 [1.73472348e-15]]

v_z:
 [[ 1.87500000e+00]
 [ 1.35308431e-15]
 [-1.87500000e+00]
 [ 3.46944695e-17]
 [ 3.46944695e-16]
 [ 1.04083409e-16]
 [-1.87500000e+00]
 [-3.46944695e-16]
 [ 1.87500000e+00]]


KINETIC ENERGY: 0.28125000000000006

#-------------------------

d_x [n_free x 1]:
 [[4.16333634e-16]
 [4.55984457e-16]
 [3.52892319e-16]
 [7.65260871e-16]
 [6.10622664e-16]
 [5.11495608e-16]
 [2.57730345e-16]
 [2.65660509e-16]
 [1.94289029e-16]]

d_y [n_free x 1]:
 [[2.84494650e-16]
 [5.82867088e-16]
 [2.01227923e-16]
 [3.33066907e-16]
 [5.13478149e-16]
 [2.22044605e-16]
 [3.12250226e-16]
 [4.71844785e-16]
 [1.73472348e-16]]

d_z [n_free x 1]:
 [[ 1.87500000e-01]
 [ 1.35308431e-16]
 [-1.87500000e-01]
 [ 3.46944695e-18]
 [ 3.46944695e-17]
 [ 1.04083409e-17]
 [-1.87500000e-01]
 [-3.46944695e-17]
 [ 1.87500000e-01]]


    +----+------------+-----------+-----------+
    | t  | t - 3dt/2  | t - dt/2  | t + dt/2  |
    +----+------------+-----------+-----------+
    | E  | 8.000e+00  | 2.000e+00 | 2.813e-01 |
    +----+------------+-----------+-----------+


#-------------------------

nodes new []:
 [[ 0.00000000e+00  0.00000000e+00 -4.00000000e+00]
 [ 0.00000000e+00  2.50000000e+00 -2.00000000e+00]
 [ 0.00000000e+00  5.00000000e+00  0.00000000e+00]
 [ 0.00000000e+00  7.50000000e+00  2.00000000e+00]
 [ 0.00000000e+00  1.00000000e+01  4.00000000e+00]
 [ 2.50000000e+00  0.00000000e+00 -2.00000000e+00]
 [ 2.50000000e+00  2.50000000e+00 -1.18750000e+00]
 [ 2.50000000e+00  5.00000000e+00 -3.22162931e-17]
 [ 2.50000000e+00  7.50000000e+00  1.18750000e+00]
 [ 2.50000000e+00  1.00000000e+01  2.00000000e+00]
 [ 5.00000000e+00  0.00000000e+00  0.00000000e+00]
 [ 5.00000000e+00  2.50000000e+00  1.63559642e-17]
 [ 5.00000000e+00  5.00000000e+00  6.93889390e-18]
 [ 5.00000000e+00  7.50000000e+00  1.13996114e-17]
 [ 5.00000000e+00  1.00000000e+01  0.00000000e+00]
 [ 7.50000000e+00  0.00000000e+00  2.00000000e+00]
 [ 7.50000000e+00  2.50000000e+00  1.18750000e+00]
 [ 7.50000000e+00  5.00000000e+00  4.26246340e-17]
 [ 7.50000000e+00  7.50000000e+00 -1.18750000e+00]
 [ 7.50000000e+00  1.00000000e+01 -2.00000000e+00]
 [ 1.00000000e+01  0.00000000e+00  4.00000000e+00]
 [ 1.00000000e+01  2.50000000e+00  2.00000000e+00]
 [ 1.00000000e+01  5.00000000e+00  0.00000000e+00]
 [ 1.00000000e+01  7.50000000e+00 -2.00000000e+00]
 [ 1.00000000e+01  1.00000000e+01 -4.00000000e+00]]


#-------------------------
Total Len = 330.562,
Max error = 1.688

######################
# ITERATION: 4
# SOLVER: DR_leap
######################

#-------------------------

Force, [m x m] -> [m x 1]:
 [3.20156212 3.20156212 2.62871761 3.20156212 2.5        3.20156212
 2.62871761 3.20156212 3.20156212 3.20156212 2.62871761 2.76769873
 2.76769873 2.5        2.76769873 2.76769873 2.62871761 3.20156212
 3.20156212 2.5        2.76769873 2.5        2.5        2.5
 2.76769873 2.5        3.20156212 3.20156212 2.62871761 2.62871761
 2.76769873 2.5        2.76769873 2.62871761 2.62871761 3.20156212
 3.20156212 3.20156212 3.20156212 3.20156212]

Force Density, [m x m] -> [m x 1]:
 [1. 1. 1. 1. 1. 1. 1. 1. 1. 1. 1. 1. 1. 1. 1. 1. 1. 1. 1. 1. 1. 1. 1. 1.
 1. 1. 1. 1. 1. 1. 1. 1. 1. 1. 1. 1. 1. 1. 1. 1.]

#-------------------------

Element K_g, diag:
 [1. 1. 1. 1. 1. 1. 1. 1. 1. 1. 1. 1. 1. 1. 1. 1. 1. 1. 1. 1. 1. 1. 1. 1.
 1. 1. 1. 1. 1. 1. 1. 1. 1. 1. 1. 1. 1. 1. 1. 1.]

Element K_e, diag:
 [1. 1. 1. 1. 1. 1. 1. 1. 1. 1. 1. 1. 1. 1. 1. 1. 1. 1. 1. 1. 1. 1. 1. 1.
 1. 1. 1. 1. 1. 1. 1. 1. 1. 1. 1. 1. 1. 1. 1. 1.]

K (free nodes):
 [[ 8. -2.  0. -2.  0.  0.  0.  0.  0.]
 [-2.  8. -2.  0. -2.  0.  0.  0.  0.]
 [ 0. -2.  8.  0.  0. -2.  0.  0.  0.]
 [-2.  0.  0.  8. -2.  0. -2.  0.  0.]
 [ 0. -2.  0. -2.  8. -2.  0. -2.  0.]
 [ 0.  0. -2.  0. -2.  8.  0.  0. -2.]
 [ 0.  0.  0. -2.  0.  0.  8. -2.  0.]
 [ 0.  0.  0.  0. -2.  0. -2.  8. -2.]
 [ 0.  0.  0.  0.  0. -2.  0. -2.  8.]]

K (free nodes), diag:
 [8. 8. 8. 8. 8. 8. 8. 8. 8.]

#-------------------------

v_x:
 [[ 1.11022302e-15]
 [ 1.78428700e-15]
 [ 4.75809868e-16]
 [ 2.65660509e-15]
 [ 1.11022302e-15]
 [ 1.18952467e-16]
 [-9.35759406e-15]
 [-4.55984457e-15]
 [-9.99200722e-15]]

v_y:
 [[-2.08166817e-16]
 [ 8.32667268e-16]
 [-9.92261828e-15]
 [ 5.55111512e-16]
 [ 1.38777878e-16]
 [-4.99600361e-15]
 [ 6.93889390e-17]
 [-2.77555756e-16]
 [-1.02001740e-14]]

v_z:
 [[ 3.75000000e+00]
 [ 2.16592617e-15]
 [-3.75000000e+00]
 [ 4.95635279e-17]
 [ 4.16333634e-16]
 [ 8.92143502e-17]
 [-3.75000000e+00]
 [-9.51619735e-16]
 [ 3.75000000e+00]]


KINETIC ENERGY: 1.125000000000001

#-------------------------

d_x [n_free x 1]:
 [[ 1.11022302e-16]
 [ 1.78428700e-16]
 [ 4.75809868e-17]
 [ 2.65660509e-16]
 [ 1.11022302e-16]
 [ 1.18952467e-17]
 [-9.35759406e-16]
 [-4.55984457e-16]
 [-9.99200722e-16]]

d_y [n_free x 1]:
 [[-2.08166817e-17]
 [ 8.32667268e-17]
 [-9.92261828e-16]
 [ 5.55111512e-17]
 [ 1.38777878e-17]
 [-4.99600361e-16]
 [ 6.93889390e-18]
 [-2.77555756e-17]
 [-1.02001740e-15]]

d_z [n_free x 1]:
 [[ 3.75000000e-01]
 [ 2.16592617e-16]
 [-3.75000000e-01]
 [ 4.95635279e-18]
 [ 4.16333634e-17]
 [ 8.92143502e-18]
 [-3.75000000e-01]
 [-9.51619735e-17]
 [ 3.75000000e-01]]


    +----+------------+-----------+-----------+
    | t  | t - 3dt/2  | t - dt/2  | t + dt/2  |
    +----+------------+-----------+-----------+
    | E  | 2.000e+00  | 2.813e-01 | 1.125e+00 |
    +----+------------+-----------+-----------+


#-------------------------

nodes new []:
 [[ 0.00000000e+00  0.00000000e+00 -4.00000000e+00]
 [ 0.00000000e+00  2.50000000e+00 -2.00000000e+00]
 [ 0.00000000e+00  5.00000000e+00  0.00000000e+00]
 [ 0.00000000e+00  7.50000000e+00  2.00000000e+00]
 [ 0.00000000e+00  1.00000000e+01  4.00000000e+00]
 [ 2.50000000e+00  0.00000000e+00 -2.00000000e+00]
 [ 2.50000000e+00  2.50000000e+00 -8.12500000e-01]
 [ 2.50000000e+00  5.00000000e+00  1.84376324e-16]
 [ 2.50000000e+00  7.50000000e+00  8.12500000e-01]
 [ 2.50000000e+00  1.00000000e+01  2.00000000e+00]
 [ 5.00000000e+00  0.00000000e+00  0.00000000e+00]
 [ 5.00000000e+00  2.50000000e+00  2.13123170e-17]
 [ 5.00000000e+00  5.00000000e+00  4.85722573e-17]
 [ 5.00000000e+00  7.50000000e+00  2.03210464e-17]
 [ 5.00000000e+00  1.00000000e+01  0.00000000e+00]
 [ 7.50000000e+00  0.00000000e+00  2.00000000e+00]
 [ 7.50000000e+00  2.50000000e+00  8.12500000e-01]
 [ 7.50000000e+00  5.00000000e+00 -5.25373396e-17]
 [ 7.50000000e+00  7.50000000e+00 -8.12500000e-01]
 [ 7.50000000e+00  1.00000000e+01 -2.00000000e+00]
 [ 1.00000000e+01  0.00000000e+00  4.00000000e+00]
 [ 1.00000000e+01  2.50000000e+00  2.00000000e+00]
 [ 1.00000000e+01  5.00000000e+00  0.00000000e+00]
 [ 1.00000000e+01  7.50000000e+00 -2.00000000e+00]
 [ 1.00000000e+01  1.00000000e+01 -4.00000000e+00]]


#-------------------------
Total Len = 330.562,
Max error = 0.000

######################
# ITERATION: 5
# SOLVER: DR_leap
######################

#-------------------------

Force, [m x m] -> [m x 1]:
 [3.20156212 3.20156212 2.76769873 3.20156212 2.5        3.20156212
 2.76769873 3.20156212 3.20156212 3.20156212 2.76769873 2.62871761
 2.62871761 2.5        2.62871761 2.62871761 2.76769873 3.20156212
 3.20156212 2.5        2.62871761 2.5        2.5        2.5
 2.62871761 2.5        3.20156212 3.20156212 2.76769873 2.76769873
 2.62871761 2.5        2.62871761 2.76769873 2.76769873 3.20156212
 3.20156212 3.20156212 3.20156212 3.20156212]

Force Density, [m x m] -> [m x 1]:
 [1. 1. 1. 1. 1. 1. 1. 1. 1. 1. 1. 1. 1. 1. 1. 1. 1. 1. 1. 1. 1. 1. 1. 1.
 1. 1. 1. 1. 1. 1. 1. 1. 1. 1. 1. 1. 1. 1. 1. 1.]

#-------------------------

Element K_g, diag:
 [1. 1. 1. 1. 1. 1. 1. 1. 1. 1. 1. 1. 1. 1. 1. 1. 1. 1. 1. 1. 1. 1. 1. 1.
 1. 1. 1. 1. 1. 1. 1. 1. 1. 1. 1. 1. 1. 1. 1. 1.]

Element K_e, diag:
 [1. 1. 1. 1. 1. 1. 1. 1. 1. 1. 1. 1. 1. 1. 1. 1. 1. 1. 1. 1. 1. 1. 1. 1.
 1. 1. 1. 1. 1. 1. 1. 1. 1. 1. 1. 1. 1. 1. 1. 1.]

K (free nodes):
 [[ 8. -2.  0. -2.  0.  0.  0.  0.  0.]
 [-2.  8. -2.  0. -2.  0.  0.  0.  0.]
 [ 0. -2.  8.  0.  0. -2.  0.  0.  0.]
 [-2.  0.  0.  8. -2.  0. -2.  0.  0.]
 [ 0. -2.  0. -2.  8. -2.  0. -2.  0.]
 [ 0.  0. -2.  0. -2.  8.  0.  0. -2.]
 [ 0.  0.  0. -2.  0.  0.  8. -2.  0.]
 [ 0.  0.  0.  0. -2.  0. -2.  8. -2.]
 [ 0.  0.  0.  0.  0. -2.  0. -2.  8.]]

K (free nodes), diag:
 [8. 8. 8. 8. 8. 8. 8. 8. 8.]

#-------------------------

v_x:
 [[-4.36159045e-16]
 [ 5.94762335e-16]
 [-1.07057220e-15]
 [ 2.10149358e-15]
 [-5.55111512e-16]
 [-4.36159045e-16]
 [ 5.15460690e-16]
 [-3.96508223e-17]
 [-1.18952467e-16]]

v_y:
 [[-3.53883589e-15]
 [ 2.33939852e-15]
 [ 5.45198807e-16]
 [-9.51619735e-16]
 [-9.71445147e-16]
 [-1.58603289e-16]
 [-1.51664395e-15]
 [-6.74063979e-16]
 [-2.08166817e-16]]

v_z:
 [[ 1.87500000e+00]
 [-6.93889390e-17]
 [-1.87500000e+00]
 [-2.42861287e-16]
 [-4.16333634e-16]
 [-8.67361738e-16]
 [-1.87500000e+00]
 [-6.24500451e-16]
 [ 1.87500000e+00]]


KINETIC ENERGY: 0.28125

#-------------------------

d_x [n_free x 1]:
 [[-4.36159045e-17]
 [ 5.94762335e-17]
 [-1.07057220e-16]
 [ 2.10149358e-16]
 [-5.55111512e-17]
 [-4.36159045e-17]
 [ 5.15460690e-17]
 [-3.96508223e-18]
 [-1.18952467e-17]]

d_y [n_free x 1]:
 [[-3.53883589e-16]
 [ 2.33939852e-16]
 [ 5.45198807e-17]
 [-9.51619735e-17]
 [-9.71445147e-17]
 [-1.58603289e-17]
 [-1.51664395e-16]
 [-6.74063979e-17]
 [-2.08166817e-17]]

d_z [n_free x 1]:
 [[ 1.87500000e-01]
 [-6.93889390e-18]
 [-1.87500000e-01]
 [-2.42861287e-17]
 [-4.16333634e-17]
 [-8.67361738e-17]
 [-1.87500000e-01]
 [-6.24500451e-17]
 [ 1.87500000e-01]]


    +----+------------+-----------+-----------+
    | t  | t - 3dt/2  | t - dt/2  | t + dt/2  |
    +----+------------+-----------+-----------+
    | E  | 2.813e-01  | 1.125e+00 | 2.812e-01 |
    +----+------------+-----------+-----------+



KINETIC ENERGY PEAK REACHED. APPLYING DAMPING.
Interpolated q = 0.500

#-------------------------

d_x [n_free x 1]:
 [[ 6.04675040e-17]
 [ 0.00000000e+00]
 [ 9.21881619e-17]
 [-9.11968913e-17]
 [ 6.93889390e-17]
 [ 3.56857401e-17]
 [-2.72599403e-16]
 [-1.11022302e-16]
 [-2.40878746e-16]]

d_y [n_free x 1]:
 [[ 2.60208521e-16]
 [-1.54638207e-16]
 [-2.88955368e-16]
 [ 8.52492680e-17]
 [ 7.63278329e-17]
 [-1.13004844e-16]
 [ 1.15483020e-16]
 [ 4.36159045e-17]
 [-2.39391840e-16]]

d_z [n_free x 1]:
 [[-4.68750000e-02]
 [ 5.93523246e-17]
 [ 4.68750000e-02]
 [ 1.94536847e-17]
 [ 4.16333634e-17]
 [ 6.72824891e-17]
 [ 4.68750000e-02]
 [ 2.30470405e-17]
 [-4.68750000e-02]]

#-------------------------

nodes new []:
 [[ 0.00000000e+00  0.00000000e+00 -4.00000000e+00]
 [ 0.00000000e+00  2.50000000e+00 -2.00000000e+00]
 [ 0.00000000e+00  5.00000000e+00  0.00000000e+00]
 [ 0.00000000e+00  7.50000000e+00  2.00000000e+00]
 [ 0.00000000e+00  1.00000000e+01  4.00000000e+00]
 [ 2.50000000e+00  0.00000000e+00 -2.00000000e+00]
 [ 2.50000000e+00  2.50000000e+00 -8.59375000e-01]
 [ 2.50000000e+00  5.00000000e+00  2.43728648e-16]
 [ 2.50000000e+00  7.50000000e+00  8.59375000e-01]
 [ 2.50000000e+00  1.00000000e+01  2.00000000e+00]
 [ 5.00000000e+00  0.00000000e+00  0.00000000e+00]
 [ 5.00000000e+00  2.50000000e+00  4.07660017e-17]
 [ 5.00000000e+00  5.00000000e+00  9.02056208e-17]
 [ 5.00000000e+00  7.50000000e+00  8.76035355e-17]
 [ 5.00000000e+00  1.00000000e+01  0.00000000e+00]
 [ 7.50000000e+00  0.00000000e+00  2.00000000e+00]
 [ 7.50000000e+00  2.50000000e+00  8.59375000e-01]
 [ 7.50000000e+00  5.00000000e+00 -2.94902991e-17]
 [ 7.50000000e+00  7.50000000e+00 -8.59375000e-01]
 [ 7.50000000e+00  1.00000000e+01 -2.00000000e+00]
 [ 1.00000000e+01  0.00000000e+00  4.00000000e+00]
 [ 1.00000000e+01  2.50000000e+00  2.00000000e+00]
 [ 1.00000000e+01  5.00000000e+00  0.00000000e+00]
 [ 1.00000000e+01  7.50000000e+00 -2.00000000e+00]
 [ 1.00000000e+01  1.00000000e+01 -4.00000000e+00]]


#-------------------------
Total Len = 330.316,
Max error = 0.246

######################
# ITERATION: 6
# SOLVER: DR_leap
######################

#-------------------------

Force, [m x m] -> [m x 1]:
 [3.20156212 3.20156212 2.74791292 3.20156212 2.5        3.20156212
 2.74791292 3.20156212 3.20156212 3.20156212 2.74791292 2.64358192
 2.64358192 2.5        2.64358192 2.64358192 2.74791292 3.20156212
 3.20156212 2.5        2.64358192 2.5        2.5        2.5
 2.64358192 2.5        3.20156212 3.20156212 2.74791292 2.74791292
 2.64358192 2.5        2.64358192 2.74791292 2.74791292 3.20156212
 3.20156212 3.20156212 3.20156212 3.20156212]

Force Density, [m x m] -> [m x 1]:
 [1. 1. 1. 1. 1. 1. 1. 1. 1. 1. 1. 1. 1. 1. 1. 1. 1. 1. 1. 1. 1. 1. 1. 1.
 1. 1. 1. 1. 1. 1. 1. 1. 1. 1. 1. 1. 1. 1. 1. 1.]

#-------------------------

Element K_g, diag:
 [1. 1. 1. 1. 1. 1. 1. 1. 1. 1. 1. 1. 1. 1. 1. 1. 1. 1. 1. 1. 1. 1. 1. 1.
 1. 1. 1. 1. 1. 1. 1. 1. 1. 1. 1. 1. 1. 1. 1. 1.]

Element K_e, diag:
 [1. 1. 1. 1. 1. 1. 1. 1. 1. 1. 1. 1. 1. 1. 1. 1. 1. 1. 1. 1. 1. 1. 1. 1.
 1. 1. 1. 1. 1. 1. 1. 1. 1. 1. 1. 1. 1. 1. 1. 1.]

K (free nodes):
 [[ 8. -2.  0. -2.  0.  0.  0.  0.  0.]
 [-2.  8. -2.  0. -2.  0.  0.  0.  0.]
 [ 0. -2.  8.  0.  0. -2.  0.  0.  0.]
 [-2.  0.  0.  8. -2.  0. -2.  0.  0.]
 [ 0. -2.  0. -2.  8. -2.  0. -2.  0.]
 [ 0.  0. -2.  0. -2.  8.  0.  0. -2.]
 [ 0.  0.  0. -2.  0.  0.  8. -2.  0.]
 [ 0.  0.  0.  0. -2.  0. -2.  8. -2.]
 [ 0.  0.  0.  0.  0. -2.  0. -2.  8.]]

K (free nodes), diag:
 [8. 8. 8. 8. 8. 8. 8. 8. 8.]

#-------------------------

v_x:
 [[4.36159045e-16]
 [6.34413157e-16]
 [4.36159045e-16]
 [1.11022302e-15]
 [1.66533454e-15]
 [1.11022302e-15]
 [6.78029061e-15]
 [8.24737104e-15]
 [6.78029061e-15]]

v_y:
 [[-2.44843828e-15]
 [ 1.48690584e-15]
 [ 6.86950496e-15]
 [-1.78428700e-16]
 [ 1.52655666e-15]
 [ 8.22754563e-15]
 [ 2.08166817e-16]
 [ 1.01109597e-15]
 [ 6.75055250e-15]]

v_z:
 [[-7.03125000e-01]
 [-1.14801521e-15]
 [ 7.03125000e-01]
 [ 1.42495143e-17]
 [-3.12250226e-16]
 [-2.91805270e-16]
 [ 7.03125000e-01]
 [ 2.93663903e-16]
 [-7.03125000e-01]]


KINETIC ENERGY: 0.03955078125000009

#-------------------------

d_x [n_free x 1]:
 [[4.36159045e-17]
 [6.34413157e-17]
 [4.36159045e-17]
 [1.11022302e-16]
 [1.66533454e-16]
 [1.11022302e-16]
 [6.78029061e-16]
 [8.24737104e-16]
 [6.78029061e-16]]

d_y [n_free x 1]:
 [[-2.44843828e-16]
 [ 1.48690584e-16]
 [ 6.86950496e-16]
 [-1.78428700e-17]
 [ 1.52655666e-16]
 [ 8.22754563e-16]
 [ 2.08166817e-17]
 [ 1.01109597e-16]
 [ 6.75055250e-16]]

d_z [n_free x 1]:
 [[-7.03125000e-02]
 [-1.14801521e-16]
 [ 7.03125000e-02]
 [ 1.42495143e-18]
 [-3.12250226e-17]
 [-2.91805270e-17]
 [ 7.03125000e-02]
 [ 2.93663903e-17]
 [-7.03125000e-02]]


    +----+------------+-----------+-----------+
    | t  | t - 3dt/2  | t - dt/2  | t + dt/2  |
    +----+------------+-----------+-----------+
    | E  | 1.125e+00  | 2.812e-01 | 3.955e-02 |
    +----+------------+-----------+-----------+


#-------------------------

nodes new []:
 [[ 0.00000000e+00  0.00000000e+00 -4.00000000e+00]
 [ 0.00000000e+00  2.50000000e+00 -2.00000000e+00]
 [ 0.00000000e+00  5.00000000e+00  0.00000000e+00]
 [ 0.00000000e+00  7.50000000e+00  2.00000000e+00]
 [ 0.00000000e+00  1.00000000e+01  4.00000000e+00]
 [ 2.50000000e+00  0.00000000e+00 -2.00000000e+00]
 [ 2.50000000e+00  2.50000000e+00 -9.29687500e-01]
 [ 2.50000000e+00  5.00000000e+00  1.28927127e-16]
 [ 2.50000000e+00  7.50000000e+00  9.29687500e-01]
 [ 2.50000000e+00  1.00000000e+01  2.00000000e+00]
 [ 5.00000000e+00  0.00000000e+00  0.00000000e+00]
 [ 5.00000000e+00  2.50000000e+00  4.21909531e-17]
 [ 5.00000000e+00  5.00000000e+00  5.89805982e-17]
 [ 5.00000000e+00  7.50000000e+00  5.84230085e-17]
 [ 5.00000000e+00  1.00000000e+01  0.00000000e+00]
 [ 7.50000000e+00  0.00000000e+00  2.00000000e+00]
 [ 7.50000000e+00  2.50000000e+00  9.29687500e-01]
 [ 7.50000000e+00  5.00000000e+00 -1.23908820e-19]
 [ 7.50000000e+00  7.50000000e+00 -9.29687500e-01]
 [ 7.50000000e+00  1.00000000e+01 -2.00000000e+00]
 [ 1.00000000e+01  0.00000000e+00  4.00000000e+00]
 [ 1.00000000e+01  2.50000000e+00  2.00000000e+00]
 [ 1.00000000e+01  5.00000000e+00  0.00000000e+00]
 [ 1.00000000e+01  7.50000000e+00 -2.00000000e+00]
 [ 1.00000000e+01  1.00000000e+01 -4.00000000e+00]]


#-------------------------
Total Len = 330.079,
Max error = 0.237

######################
# ITERATION: 7
# SOLVER: DR_leap
######################

#-------------------------

Force, [m x m] -> [m x 1]:
 [3.20156212 3.20156212 2.71947952 3.20156212 2.5        3.20156212
 2.71947952 3.20156212 3.20156212 3.20156212 2.71947952 2.66726805
 2.66726805 2.5        2.66726805 2.66726805 2.71947952 3.20156212
 3.20156212 2.5        2.66726805 2.5        2.5        2.5
 2.66726805 2.5        3.20156212 3.20156212 2.71947952 2.71947952
 2.66726805 2.5        2.66726805 2.71947952 2.71947952 3.20156212
 3.20156212 3.20156212 3.20156212 3.20156212]

Force Density, [m x m] -> [m x 1]:
 [1. 1. 1. 1. 1. 1. 1. 1. 1. 1. 1. 1. 1. 1. 1. 1. 1. 1. 1. 1. 1. 1. 1. 1.
 1. 1. 1. 1. 1. 1. 1. 1. 1. 1. 1. 1. 1. 1. 1. 1.]

#-------------------------

Element K_g, diag:
 [1. 1. 1. 1. 1. 1. 1. 1. 1. 1. 1. 1. 1. 1. 1. 1. 1. 1. 1. 1. 1. 1. 1. 1.
 1. 1. 1. 1. 1. 1. 1. 1. 1. 1. 1. 1. 1. 1. 1. 1.]

Element K_e, diag:
 [1. 1. 1. 1. 1. 1. 1. 1. 1. 1. 1. 1. 1. 1. 1. 1. 1. 1. 1. 1. 1. 1. 1. 1.
 1. 1. 1. 1. 1. 1. 1. 1. 1. 1. 1. 1. 1. 1. 1. 1.]

K (free nodes):
 [[ 8. -2.  0. -2.  0.  0.  0.  0.  0.]
 [-2.  8. -2.  0. -2.  0.  0.  0.  0.]
 [ 0. -2.  8.  0.  0. -2.  0.  0.  0.]
 [-2.  0.  0.  8. -2.  0. -2.  0.  0.]
 [ 0. -2.  0. -2.  8. -2.  0. -2.  0.]
 [ 0.  0. -2.  0. -2.  8.  0.  0. -2.]
 [ 0.  0.  0. -2.  0.  0.  8. -2.  0.]
 [ 0.  0.  0.  0. -2.  0. -2.  8. -2.]
 [ 0.  0.  0.  0.  0. -2.  0. -2.  8.]]

K (free nodes), diag:
 [8. 8. 8. 8. 8. 8. 8. 8. 8.]

#-------------------------

v_x:
 [[-2.14114440e-15]
 [-1.34812796e-15]
 [-2.14114440e-15]
 [-2.77555756e-15]
 [-1.11022302e-15]
 [-2.77555756e-15]
 [ 5.47181348e-15]
 [ 6.89924308e-15]
 [ 5.47181348e-15]]

v_y:
 [[-7.08262813e-15]
 [-5.10504337e-16]
 [ 6.08144487e-15]
 [-3.39510166e-15]
 [-1.04083409e-15]
 [ 7.07271543e-15]
 [-2.68138686e-15]
 [-2.88955368e-15]
 [ 5.48668254e-15]]

v_z:
 [[-1.40625000e+00]
 [-2.89574912e-15]
 [ 1.40625000e+00]
 [-6.40608598e-16]
 [-1.11022302e-15]
 [-9.20642530e-16]
 [ 1.40625000e+00]
 [ 3.19684755e-16]
 [-1.40625000e+00]]


KINETIC ENERGY: 0.1582031250000003

#-------------------------

d_x [n_free x 1]:
 [[-2.14114440e-16]
 [-1.34812796e-16]
 [-2.14114440e-16]
 [-2.77555756e-16]
 [-1.11022302e-16]
 [-2.77555756e-16]
 [ 5.47181348e-16]
 [ 6.89924308e-16]
 [ 5.47181348e-16]]

d_y [n_free x 1]:
 [[-7.08262813e-16]
 [-5.10504337e-17]
 [ 6.08144487e-16]
 [-3.39510166e-16]
 [-1.04083409e-16]
 [ 7.07271543e-16]
 [-2.68138686e-16]
 [-2.88955368e-16]
 [ 5.48668254e-16]]

d_z [n_free x 1]:
 [[-1.40625000e-01]
 [-2.89574912e-16]
 [ 1.40625000e-01]
 [-6.40608598e-17]
 [-1.11022302e-16]
 [-9.20642530e-17]
 [ 1.40625000e-01]
 [ 3.19684755e-17]
 [-1.40625000e-01]]


    +----+------------+-----------+-----------+
    | t  | t - 3dt/2  | t - dt/2  | t + dt/2  |
    +----+------------+-----------+-----------+
    | E  | 2.812e-01  | 3.955e-02 | 1.582e-01 |
    +----+------------+-----------+-----------+


#-------------------------

nodes new []:
 [[ 0.00000000e+00  0.00000000e+00 -4.00000000e+00]
 [ 0.00000000e+00  2.50000000e+00 -2.00000000e+00]
 [ 0.00000000e+00  5.00000000e+00  0.00000000e+00]
 [ 0.00000000e+00  7.50000000e+00  2.00000000e+00]
 [ 0.00000000e+00  1.00000000e+01  4.00000000e+00]
 [ 2.50000000e+00  0.00000000e+00 -2.00000000e+00]
 [ 2.50000000e+00  2.50000000e+00 -1.07031250e+00]
 [ 2.50000000e+00  5.00000000e+00 -1.60647785e-16]
 [ 2.50000000e+00  7.50000000e+00  1.07031250e+00]
 [ 2.50000000e+00  1.00000000e+01  2.00000000e+00]
 [ 5.00000000e+00  0.00000000e+00  0.00000000e+00]
 [ 5.00000000e+00  2.50000000e+00 -2.18699067e-17]
 [ 5.00000000e+00  5.00000000e+00 -5.20417043e-17]
 [ 5.00000000e+00  7.50000000e+00 -3.36412446e-17]
 [ 5.00000000e+00  1.00000000e+01  0.00000000e+00]
 [ 7.50000000e+00  0.00000000e+00  2.00000000e+00]
 [ 7.50000000e+00  2.50000000e+00  1.07031250e+00]
 [ 7.50000000e+00  5.00000000e+00  3.18445667e-17]
 [ 7.50000000e+00  7.50000000e+00 -1.07031250e+00]
 [ 7.50000000e+00  1.00000000e+01 -2.00000000e+00]
 [ 1.00000000e+01  0.00000000e+00  4.00000000e+00]
 [ 1.00000000e+01  2.50000000e+00  2.00000000e+00]
 [ 1.00000000e+01  5.00000000e+00  0.00000000e+00]
 [ 1.00000000e+01  7.50000000e+00 -2.00000000e+00]
 [ 1.00000000e+01  1.00000000e+01 -4.00000000e+00]]


#-------------------------
Total Len = 330.079,
Max error = 0.000

######################
# ITERATION: 8
# SOLVER: DR_leap
######################

#-------------------------

Force, [m x m] -> [m x 1]:
 [3.20156212 3.20156212 2.66726805 3.20156212 2.5        3.20156212
 2.66726805 3.20156212 3.20156212 3.20156212 2.66726805 2.71947952
 2.71947952 2.5        2.71947952 2.71947952 2.66726805 3.20156212
 3.20156212 2.5        2.71947952 2.5        2.5        2.5
 2.71947952 2.5        3.20156212 3.20156212 2.66726805 2.66726805
 2.71947952 2.5        2.71947952 2.66726805 2.66726805 3.20156212
 3.20156212 3.20156212 3.20156212 3.20156212]

Force Density, [m x m] -> [m x 1]:
 [1. 1. 1. 1. 1. 1. 1. 1. 1. 1. 1. 1. 1. 1. 1. 1. 1. 1. 1. 1. 1. 1. 1. 1.
 1. 1. 1. 1. 1. 1. 1. 1. 1. 1. 1. 1. 1. 1. 1. 1.]

#-------------------------

Element K_g, diag:
 [1. 1. 1. 1. 1. 1. 1. 1. 1. 1. 1. 1. 1. 1. 1. 1. 1. 1. 1. 1. 1. 1. 1. 1.
 1. 1. 1. 1. 1. 1. 1. 1. 1. 1. 1. 1. 1. 1. 1. 1.]

Element K_e, diag:
 [1. 1. 1. 1. 1. 1. 1. 1. 1. 1. 1. 1. 1. 1. 1. 1. 1. 1. 1. 1. 1. 1. 1. 1.
 1. 1. 1. 1. 1. 1. 1. 1. 1. 1. 1. 1. 1. 1. 1. 1.]

K (free nodes):
 [[ 8. -2.  0. -2.  0.  0.  0.  0.  0.]
 [-2.  8. -2.  0. -2.  0.  0.  0.  0.]
 [ 0. -2.  8.  0.  0. -2.  0.  0.  0.]
 [-2.  0.  0.  8. -2.  0. -2.  0.  0.]
 [ 0. -2.  0. -2.  8. -2.  0. -2.  0.]
 [ 0.  0. -2.  0. -2.  8.  0.  0. -2.]
 [ 0.  0.  0. -2.  0.  0.  8. -2.  0.]
 [ 0.  0.  0.  0. -2.  0. -2.  8. -2.]
 [ 0.  0.  0.  0.  0. -2.  0. -2.  8.]]

K (free nodes), diag:
 [8. 8. 8. 8. 8. 8. 8. 8. 8.]

#-------------------------

v_x:
 [[-3.01346250e-15]
 [-2.61695427e-15]
 [-3.01346250e-15]
 [-4.99600361e-15]
 [-4.44089210e-15]
 [-4.99600361e-15]
 [-8.08876775e-15]
 [-9.59549900e-15]
 [-8.08876775e-15]]

v_y:
 [[ 1.33821525e-16]
 [-2.29479134e-15]
 [-7.16192978e-15]
 [ 6.09631393e-16]
 [-2.15105711e-15]
 [-8.58935938e-15]
 [ 2.79042662e-15]
 [-2.77060121e-15]
 [-7.28088225e-15]]

v_z:
 [[-7.03125000e-01]
 [-7.66376050e-16]
 [ 7.03125000e-01]
 [-2.63306242e-16]
 [-2.42861287e-16]
 [ 5.51394248e-17]
 [ 7.03125000e-01]
 [ 1.61081466e-17]
 [-7.03125000e-01]]


KINETIC ENERGY: 0.03955078125000009

#-------------------------

d_x [n_free x 1]:
 [[-3.01346250e-16]
 [-2.61695427e-16]
 [-3.01346250e-16]
 [-4.99600361e-16]
 [-4.44089210e-16]
 [-4.99600361e-16]
 [-8.08876775e-16]
 [-9.59549900e-16]
 [-8.08876775e-16]]

d_y [n_free x 1]:
 [[ 1.33821525e-17]
 [-2.29479134e-16]
 [-7.16192978e-16]
 [ 6.09631393e-17]
 [-2.15105711e-16]
 [-8.58935938e-16]
 [ 2.79042662e-16]
 [-2.77060121e-16]
 [-7.28088225e-16]]

d_z [n_free x 1]:
 [[-7.03125000e-02]
 [-7.66376050e-17]
 [ 7.03125000e-02]
 [-2.63306242e-17]
 [-2.42861287e-17]
 [ 5.51394248e-18]
 [ 7.03125000e-02]
 [ 1.61081466e-18]
 [-7.03125000e-02]]


    +----+------------+-----------+-----------+
    | t  | t - 3dt/2  | t - dt/2  | t + dt/2  |
    +----+------------+-----------+-----------+
    | E  | 3.955e-02  | 1.582e-01 | 3.955e-02 |
    +----+------------+-----------+-----------+



KINETIC ENERGY PEAK REACHED. APPLYING DAMPING.
Interpolated q = 0.500

#-------------------------

d_x [n_free x 1]:
 [[1.72481077e-16]
 [1.62568371e-16]
 [1.72481077e-16]
 [3.05311332e-16]
 [3.05311332e-16]
 [3.05311332e-16]
 [7.43452918e-16]
 [8.92143502e-16]
 [7.43452918e-16]]

d_y [n_free x 1]:
 [[-1.87102318e-16]
 [ 1.59346742e-16]
 [ 6.89180855e-16]
 [-1.30599896e-16]
 [ 1.35308431e-16]
 [ 8.21019839e-16]
 [-2.76316668e-16]
 [ 1.35556249e-16]
 [ 6.83233232e-16]]

d_z [n_free x 1]:
 [[ 1.75781250e-02]
 [-1.49155242e-17]
 [-1.75781250e-02]
 [ 3.73275319e-18]
 [-9.54097912e-18]
 [-2.71515201e-17]
 [-1.75781250e-02]
 [ 6.78400788e-18]
 [ 1.75781250e-02]]

#-------------------------

nodes new []:
 [[ 0.00000000e+00  0.00000000e+00 -4.00000000e+00]
 [ 0.00000000e+00  2.50000000e+00 -2.00000000e+00]
 [ 0.00000000e+00  5.00000000e+00  0.00000000e+00]
 [ 0.00000000e+00  7.50000000e+00  2.00000000e+00]
 [ 0.00000000e+00  1.00000000e+01  4.00000000e+00]
 [ 2.50000000e+00  0.00000000e+00 -2.00000000e+00]
 [ 2.50000000e+00  2.50000000e+00 -1.05273438e+00]
 [ 2.50000000e+00  5.00000000e+00 -1.75563309e-16]
 [ 2.50000000e+00  7.50000000e+00  1.05273438e+00]
 [ 2.50000000e+00  1.00000000e+01  2.00000000e+00]
 [ 5.00000000e+00  0.00000000e+00  0.00000000e+00]
 [ 5.00000000e+00  2.50000000e+00 -1.81371535e-17]
 [ 5.00000000e+00  5.00000000e+00 -6.15826834e-17]
 [ 5.00000000e+00  7.50000000e+00 -6.07927647e-17]
 [ 5.00000000e+00  1.00000000e+01  0.00000000e+00]
 [ 7.50000000e+00  0.00000000e+00  2.00000000e+00]
 [ 7.50000000e+00  2.50000000e+00  1.05273438e+00]
 [ 7.50000000e+00  5.00000000e+00  3.86285745e-17]
 [ 7.50000000e+00  7.50000000e+00 -1.05273438e+00]
 [ 7.50000000e+00  1.00000000e+01 -2.00000000e+00]
 [ 1.00000000e+01  0.00000000e+00  4.00000000e+00]
 [ 1.00000000e+01  2.50000000e+00  2.00000000e+00]
 [ 1.00000000e+01  5.00000000e+00  0.00000000e+00]
 [ 1.00000000e+01  7.50000000e+00 -2.00000000e+00]
 [ 1.00000000e+01  1.00000000e+01 -4.00000000e+00]]


#-------------------------
Total Len = 330.044,
Max error = 0.035

######################
# ITERATION: 9
# SOLVER: DR_leap
######################

#-------------------------

Force, [m x m] -> [m x 1]:
 [3.20156212 3.20156212 2.67344575 3.20156212 2.5        3.20156212
 2.67344575 3.20156212 3.20156212 3.20156212 2.67344575 2.71260938
 2.71260938 2.5        2.71260938 2.71260938 2.67344575 3.20156212
 3.20156212 2.5        2.71260938 2.5        2.5        2.5
 2.71260938 2.5        3.20156212 3.20156212 2.67344575 2.67344575
 2.71260938 2.5        2.71260938 2.67344575 2.67344575 3.20156212
 3.20156212 3.20156212 3.20156212 3.20156212]

Force Density, [m x m] -> [m x 1]:
 [1. 1. 1. 1. 1. 1. 1. 1. 1. 1. 1. 1. 1. 1. 1. 1. 1. 1. 1. 1. 1. 1. 1. 1.
 1. 1. 1. 1. 1. 1. 1. 1. 1. 1. 1. 1. 1. 1. 1. 1.]

#-------------------------

Element K_g, diag:
 [1. 1. 1. 1. 1. 1. 1. 1. 1. 1. 1. 1. 1. 1. 1. 1. 1. 1. 1. 1. 1. 1. 1. 1.
 1. 1. 1. 1. 1. 1. 1. 1. 1. 1. 1. 1. 1. 1. 1. 1.]

Element K_e, diag:
 [1. 1. 1. 1. 1. 1. 1. 1. 1. 1. 1. 1. 1. 1. 1. 1. 1. 1. 1. 1. 1. 1. 1. 1.
 1. 1. 1. 1. 1. 1. 1. 1. 1. 1. 1. 1. 1. 1. 1. 1.]

K (free nodes):
 [[ 8. -2.  0. -2.  0.  0.  0.  0.  0.]
 [-2.  8. -2.  0. -2.  0.  0.  0.  0.]
 [ 0. -2.  8.  0.  0. -2.  0.  0.  0.]
 [-2.  0.  0.  8. -2.  0. -2.  0.  0.]
 [ 0. -2.  0. -2.  8. -2.  0. -2.  0.]
 [ 0.  0. -2.  0. -2.  8.  0.  0. -2.]
 [ 0.  0.  0. -2.  0.  0.  8. -2.  0.]
 [ 0.  0.  0.  0. -2.  0. -2.  8. -2.]
 [ 0.  0.  0.  0.  0. -2.  0. -2.  8.]]

K (free nodes), diag:
 [8. 8. 8. 8. 8. 8. 8. 8. 8.]

#-------------------------

v_x:
 [[-1.17217743e-15]
 [-1.94784665e-15]
 [-1.17217743e-15]
 [-2.74086309e-15]
 [-5.44703171e-15]
 [-2.74086309e-15]
 [-1.32260274e-14]
 [-1.46361098e-14]
 [-1.32260274e-14]]

v_y:
 [[ 3.21667296e-15]
 [-1.17961196e-15]
 [-1.27229576e-14]
 [ 7.23627507e-16]
 [-4.09394740e-15]
 [-1.41850817e-14]
 [ 3.77178447e-15]
 [-3.40005801e-15]
 [-1.32780691e-14]]

v_z:
 [[ 2.63671875e-01]
 [ 1.05655502e-15]
 [-2.63671875e-01]
 [ 1.97866896e-16]
 [ 4.42354486e-16]
 [ 4.78675259e-16]
 [-2.63671875e-01]
 [-1.48535698e-16]
 [ 2.63671875e-01]]


KINETIC ENERGY: 0.005561828613281264

#-------------------------

d_x [n_free x 1]:
 [[-1.17217743e-16]
 [-1.94784665e-16]
 [-1.17217743e-16]
 [-2.74086309e-16]
 [-5.44703171e-16]
 [-2.74086309e-16]
 [-1.32260274e-15]
 [-1.46361098e-15]
 [-1.32260274e-15]]

d_y [n_free x 1]:
 [[ 3.21667296e-16]
 [-1.17961196e-16]
 [-1.27229576e-15]
 [ 7.23627507e-17]
 [-4.09394740e-16]
 [-1.41850817e-15]
 [ 3.77178447e-16]
 [-3.40005801e-16]
 [-1.32780691e-15]]

d_z [n_free x 1]:
 [[ 2.63671875e-02]
 [ 1.05655502e-16]
 [-2.63671875e-02]
 [ 1.97866896e-17]
 [ 4.42354486e-17]
 [ 4.78675259e-17]
 [-2.63671875e-02]
 [-1.48535698e-17]
 [ 2.63671875e-02]]


    +----+------------+-----------+-----------+
    | t  | t - 3dt/2  | t - dt/2  | t + dt/2  |
    +----+------------+-----------+-----------+
    | E  | 1.582e-01  | 3.955e-02 | 5.562e-03 |
    +----+------------+-----------+-----------+


#-------------------------

nodes new []:
 [[ 0.00000000e+00  0.00000000e+00 -4.00000000e+00]
 [ 0.00000000e+00  2.50000000e+00 -2.00000000e+00]
 [ 0.00000000e+00  5.00000000e+00  0.00000000e+00]
 [ 0.00000000e+00  7.50000000e+00  2.00000000e+00]
 [ 0.00000000e+00  1.00000000e+01  4.00000000e+00]
 [ 2.50000000e+00  0.00000000e+00 -2.00000000e+00]
 [ 2.50000000e+00  2.50000000e+00 -1.02636719e+00]
 [ 2.50000000e+00  5.00000000e+00 -6.99078072e-17]
 [ 2.50000000e+00  7.50000000e+00  1.02636719e+00]
 [ 2.50000000e+00  1.00000000e+01  2.00000000e+00]
 [ 5.00000000e+00  0.00000000e+00  0.00000000e+00]
 [ 5.00000000e+00  2.50000000e+00  1.64953616e-18]
 [ 5.00000000e+00  5.00000000e+00 -1.73472348e-17]
 [ 5.00000000e+00  7.50000000e+00 -1.29252388e-17]
 [ 5.00000000e+00  1.00000000e+01  0.00000000e+00]
 [ 7.50000000e+00  0.00000000e+00  2.00000000e+00]
 [ 7.50000000e+00  2.50000000e+00  1.02636719e+00]
 [ 7.50000000e+00  5.00000000e+00  2.37750048e-17]
 [ 7.50000000e+00  7.50000000e+00 -1.02636719e+00]
 [ 7.50000000e+00  1.00000000e+01 -2.00000000e+00]
 [ 1.00000000e+01  0.00000000e+00  4.00000000e+00]
 [ 1.00000000e+01  2.50000000e+00  2.00000000e+00]
 [ 1.00000000e+01  5.00000000e+00  0.00000000e+00]
 [ 1.00000000e+01  7.50000000e+00 -2.00000000e+00]
 [ 1.00000000e+01  1.00000000e+01 -4.00000000e+00]]


#-------------------------
Total Len = 330.011,
Max error = 0.033

######################
# ITERATION: 10
# SOLVER: DR_leap
######################

#-------------------------

Force, [m x m] -> [m x 1]:
 [3.20156212 3.20156212 2.68290157 3.20156212 2.5        3.20156212
 2.68290157 3.20156212 3.20156212 3.20156212 2.68290157 2.70248582
 2.70248582 2.5        2.70248582 2.70248582 2.68290157 3.20156212
 3.20156212 2.5        2.70248582 2.5        2.5        2.5
 2.70248582 2.5        3.20156212 3.20156212 2.68290157 2.68290157
 2.70248582 2.5        2.70248582 2.68290157 2.68290157 3.20156212
 3.20156212 3.20156212 3.20156212 3.20156212]

Force Density, [m x m] -> [m x 1]:
 [1. 1. 1. 1. 1. 1. 1. 1. 1. 1. 1. 1. 1. 1. 1. 1. 1. 1. 1. 1. 1. 1. 1. 1.
 1. 1. 1. 1. 1. 1. 1. 1. 1. 1. 1. 1. 1. 1. 1. 1.]

#-------------------------

Element K_g, diag:
 [1. 1. 1. 1. 1. 1. 1. 1. 1. 1. 1. 1. 1. 1. 1. 1. 1. 1. 1. 1. 1. 1. 1. 1.
 1. 1. 1. 1. 1. 1. 1. 1. 1. 1. 1. 1. 1. 1. 1. 1.]

Element K_e, diag:
 [1. 1. 1. 1. 1. 1. 1. 1. 1. 1. 1. 1. 1. 1. 1. 1. 1. 1. 1. 1. 1. 1. 1. 1.
 1. 1. 1. 1. 1. 1. 1. 1. 1. 1. 1. 1. 1. 1. 1. 1.]

K (free nodes):
 [[ 8. -2.  0. -2.  0.  0.  0.  0.  0.]
 [-2.  8. -2.  0. -2.  0.  0.  0.  0.]
 [ 0. -2.  8.  0.  0. -2.  0.  0.  0.]
 [-2.  0.  0.  8. -2.  0. -2.  0.  0.]
 [ 0. -2.  0. -2.  8. -2.  0. -2.  0.]
 [ 0.  0. -2.  0. -2.  8.  0.  0. -2.]
 [ 0.  0.  0. -2.  0.  0.  8. -2.  0.]
 [ 0.  0.  0.  0. -2.  0. -2.  8. -2.]
 [ 0.  0.  0.  0.  0. -2.  0. -2.  8.]]

K (free nodes), diag:
 [8. 8. 8. 8. 8. 8. 8. 8. 8.]

#-------------------------

v_x:
 [[-2.99859344e-16]
 [-1.23413184e-15]
 [-2.99859344e-16]
 [ 3.46944695e-17]
 [ 4.54497551e-15]
 [ 3.46944695e-17]
 [-2.18699067e-14]
 [-1.64600476e-14]
 [-2.18699067e-14]]

v_y:
 [[ 6.38873874e-15]
 [-3.04320061e-15]
 [-2.33493780e-14]
 [ 6.39369510e-15]
 [-4.09394740e-15]
 [-1.93000378e-14]
 [ 9.95731275e-15]
 [-2.09158088e-15]
 [-2.31114731e-14]]

v_z:
 [[ 5.27343750e-01]
 [ 1.75749172e-15]
 [-5.27343750e-01]
 [ 3.35018471e-16]
 [ 7.45931095e-16]
 [ 6.10405823e-16]
 [-5.27343750e-01]
 [-5.42101086e-17]
 [ 5.27343750e-01]]


KINETIC ENERGY: 0.02224731445312503

#-------------------------

d_x [n_free x 1]:
 [[-2.99859344e-17]
 [-1.23413184e-16]
 [-2.99859344e-17]
 [ 3.46944695e-18]
 [ 4.54497551e-16]
 [ 3.46944695e-18]
 [-2.18699067e-15]
 [-1.64600476e-15]
 [-2.18699067e-15]]

d_y [n_free x 1]:
 [[ 6.38873874e-16]
 [-3.04320061e-16]
 [-2.33493780e-15]
 [ 6.39369510e-16]
 [-4.09394740e-16]
 [-1.93000378e-15]
 [ 9.95731275e-16]
 [-2.09158088e-16]
 [-2.31114731e-15]]

d_z [n_free x 1]:
 [[ 5.27343750e-02]
 [ 1.75749172e-16]
 [-5.27343750e-02]
 [ 3.35018471e-17]
 [ 7.45931095e-17]
 [ 6.10405823e-17]
 [-5.27343750e-02]
 [-5.42101086e-18]
 [ 5.27343750e-02]]


    +----+------------+-----------+-----------+
    | t  | t - 3dt/2  | t - dt/2  | t + dt/2  |
    +----+------------+-----------+-----------+
    | E  | 3.955e-02  | 5.562e-03 | 2.225e-02 |
    +----+------------+-----------+-----------+


#-------------------------

nodes new []:
 [[ 0.00000000e+00  0.00000000e+00 -4.00000000e+00]
 [ 0.00000000e+00  2.50000000e+00 -2.00000000e+00]
 [ 0.00000000e+00  5.00000000e+00  0.00000000e+00]
 [ 0.00000000e+00  7.50000000e+00  2.00000000e+00]
 [ 0.00000000e+00  1.00000000e+01  4.00000000e+00]
 [ 2.50000000e+00  0.00000000e+00 -2.00000000e+00]
 [ 2.50000000e+00  2.50000000e+00 -9.73632812e-01]
 [ 2.50000000e+00  5.00000000e+00  1.05841365e-16]
 [ 2.50000000e+00  7.50000000e+00  9.73632813e-01]
 [ 2.50000000e+00  1.00000000e+01  2.00000000e+00]
 [ 5.00000000e+00  0.00000000e+00  0.00000000e+00]
 [ 5.00000000e+00  2.50000000e+00  3.51513833e-17]
 [ 5.00000000e+00  5.00000000e+00  5.72458747e-17]
 [ 5.00000000e+00  7.50000000e+00  4.81153436e-17]
 [ 5.00000000e+00  1.00000000e+01  0.00000000e+00]
 [ 7.50000000e+00  0.00000000e+00  2.00000000e+00]
 [ 7.50000000e+00  2.50000000e+00  9.73632812e-01]
 [ 7.50000000e+00  5.00000000e+00  1.83539939e-17]
 [ 7.50000000e+00  7.50000000e+00 -9.73632812e-01]
 [ 7.50000000e+00  1.00000000e+01 -2.00000000e+00]
 [ 1.00000000e+01  0.00000000e+00  4.00000000e+00]
 [ 1.00000000e+01  2.50000000e+00  2.00000000e+00]
 [ 1.00000000e+01  5.00000000e+00  0.00000000e+00]
 [ 1.00000000e+01  7.50000000e+00 -2.00000000e+00]
 [ 1.00000000e+01  1.00000000e+01 -4.00000000e+00]]


#-------------------------
Total Len = 330.011,
Max error = 0.000

######################
# ITERATION: 11
# SOLVER: DR_leap
######################

#-------------------------

Force, [m x m] -> [m x 1]:
 [3.20156212 3.20156212 2.70248582 3.20156212 2.5        3.20156212
 2.70248582 3.20156212 3.20156212 3.20156212 2.70248582 2.68290157
 2.68290157 2.5        2.68290157 2.68290157 2.70248582 3.20156212
 3.20156212 2.5        2.68290157 2.5        2.5        2.5
 2.68290157 2.5        3.20156212 3.20156212 2.70248582 2.70248582
 2.68290157 2.5        2.68290157 2.70248582 2.70248582 3.20156212
 3.20156212 3.20156212 3.20156212 3.20156212]

Force Density, [m x m] -> [m x 1]:
 [1. 1. 1. 1. 1. 1. 1. 1. 1. 1. 1. 1. 1. 1. 1. 1. 1. 1. 1. 1. 1. 1. 1. 1.
 1. 1. 1. 1. 1. 1. 1. 1. 1. 1. 1. 1. 1. 1. 1. 1.]

#-------------------------

Element K_g, diag:
 [1. 1. 1. 1. 1. 1. 1. 1. 1. 1. 1. 1. 1. 1. 1. 1. 1. 1. 1. 1. 1. 1. 1. 1.
 1. 1. 1. 1. 1. 1. 1. 1. 1. 1. 1. 1. 1. 1. 1. 1.]

Element K_e, diag:
 [1. 1. 1. 1. 1. 1. 1. 1. 1. 1. 1. 1. 1. 1. 1. 1. 1. 1. 1. 1. 1. 1. 1. 1.
 1. 1. 1. 1. 1. 1. 1. 1. 1. 1. 1. 1. 1. 1. 1. 1.]

K (free nodes):
 [[ 8. -2.  0. -2.  0.  0.  0.  0.  0.]
 [-2.  8. -2.  0. -2.  0.  0.  0.  0.]
 [ 0. -2.  8.  0.  0. -2.  0.  0.  0.]
 [-2.  0.  0.  8. -2.  0. -2.  0.  0.]
 [ 0. -2.  0. -2.  8. -2.  0. -2.  0.]
 [ 0.  0. -2.  0. -2.  8.  0.  0. -2.]
 [ 0.  0.  0. -2.  0.  0.  8. -2.  0.]
 [ 0.  0.  0.  0. -2.  0. -2.  8. -2.]
 [ 0.  0.  0.  0.  0. -2.  0. -2.  8.]]

K (free nodes), diag:
 [8. 8. 8. 8. 8. 8. 8. 8. 8.]

#-------------------------

v_x:
 [[-2.79786115e-15]
 [-3.61318118e-15]
 [-3.43227431e-15]
 [-3.13737132e-15]
 [ 6.59194921e-16]
 [-5.67502394e-15]
 [-1.92926032e-14]
 [-2.97876803e-15]
 [-1.99270164e-14]]

v_y:
 [[ 7.78147388e-16]
 [-8.43571245e-15]
 [-1.46063717e-14]
 [ 2.66651780e-15]
 [-1.10328413e-14]
 [-1.44626374e-14]
 [ 3.15719673e-15]
 [-7.80129929e-15]
 [-5.56598418e-15]]

v_z:
 [[ 2.63671875e-01]
 [ 7.31294365e-16]
 [-2.63671875e-01]
 [ 3.97360096e-16]
 [ 1.82145965e-16]
 [-2.67255836e-16]
 [-2.63671875e-01]
 [-2.69966341e-16]
 [ 2.63671875e-01]]


KINETIC ENERGY: 0.005561828613281252

#-------------------------

d_x [n_free x 1]:
 [[-2.79786115e-16]
 [-3.61318118e-16]
 [-3.43227431e-16]
 [-3.13737132e-16]
 [ 6.59194921e-17]
 [-5.67502394e-16]
 [-1.92926032e-15]
 [-2.97876803e-16]
 [-1.99270164e-15]]

d_y [n_free x 1]:
 [[ 7.78147388e-17]
 [-8.43571245e-16]
 [-1.46063717e-15]
 [ 2.66651780e-16]
 [-1.10328413e-15]
 [-1.44626374e-15]
 [ 3.15719673e-16]
 [-7.80129929e-16]
 [-5.56598418e-16]]

d_z [n_free x 1]:
 [[ 2.63671875e-02]
 [ 7.31294365e-17]
 [-2.63671875e-02]
 [ 3.97360096e-17]
 [ 1.82145965e-17]
 [-2.67255836e-17]
 [-2.63671875e-02]
 [-2.69966341e-17]
 [ 2.63671875e-02]]


    +----+------------+-----------+-----------+
    | t  | t - 3dt/2  | t - dt/2  | t + dt/2  |
    +----+------------+-----------+-----------+
    | E  | 5.562e-03  | 2.225e-02 | 5.562e-03 |
    +----+------------+-----------+-----------+



KINETIC ENERGY PEAK REACHED. APPLYING DAMPING.
Interpolated q = 0.500

#-------------------------

d_x [n_free x 1]:
 [[ 2.02343103e-16]
 [ 2.40135293e-16]
 [ 2.49924089e-16]
 [ 2.36170210e-16]
 [ 6.41847686e-17]
 [ 4.26494157e-16]
 [ 9.00197575e-16]
 [-1.88093588e-16]
 [ 9.47778562e-16]]

d_y [n_free x 1]:
 [[ 1.01357415e-16]
 [ 5.56598418e-16]
 [ 5.11743425e-16]
 [-4.01464576e-17]
 [ 7.25114413e-16]
 [ 6.02196864e-16]
 [ 1.21430643e-17]
 [ 5.32807925e-16]
 [-1.60338013e-16]]

d_z [n_free x 1]:
 [[-6.59179687e-03]
 [-1.09097844e-17]
 [ 6.59179688e-03]
 [-2.14265454e-17]
 [ 4.98732999e-18]
 [ 3.53043332e-17]
 [ 6.59179688e-03]
 [ 1.88922229e-17]
 [-6.59179687e-03]]

#-------------------------

nodes new []:
 [[ 0.00000000e+00  0.00000000e+00 -4.00000000e+00]
 [ 0.00000000e+00  2.50000000e+00 -2.00000000e+00]
 [ 0.00000000e+00  5.00000000e+00  0.00000000e+00]
 [ 0.00000000e+00  7.50000000e+00  2.00000000e+00]
 [ 0.00000000e+00  1.00000000e+01  4.00000000e+00]
 [ 2.50000000e+00  0.00000000e+00 -2.00000000e+00]
 [ 2.50000000e+00  2.50000000e+00 -9.80224609e-01]
 [ 2.50000000e+00  5.00000000e+00  9.49315806e-17]
 [ 2.50000000e+00  7.50000000e+00  9.80224609e-01]
 [ 2.50000000e+00  1.00000000e+01  2.00000000e+00]
 [ 5.00000000e+00  0.00000000e+00  0.00000000e+00]
 [ 5.00000000e+00  2.50000000e+00  1.37248379e-17]
 [ 5.00000000e+00  5.00000000e+00  6.22332047e-17]
 [ 5.00000000e+00  7.50000000e+00  8.34196768e-17]
 [ 5.00000000e+00  1.00000000e+01  0.00000000e+00]
 [ 7.50000000e+00  0.00000000e+00  2.00000000e+00]
 [ 7.50000000e+00  2.50000000e+00  9.80224609e-01]
 [ 7.50000000e+00  5.00000000e+00  3.72462168e-17]
 [ 7.50000000e+00  7.50000000e+00 -9.80224609e-01]
 [ 7.50000000e+00  1.00000000e+01 -2.00000000e+00]
 [ 1.00000000e+01  0.00000000e+00  4.00000000e+00]
 [ 1.00000000e+01  2.50000000e+00  2.00000000e+00]
 [ 1.00000000e+01  5.00000000e+00  0.00000000e+00]
 [ 1.00000000e+01  7.50000000e+00 -2.00000000e+00]
 [ 1.00000000e+01  1.00000000e+01 -4.00000000e+00]]


#-------------------------
Total Len = 330.006,
Max error = 0.005

######################
# ITERATION: 12
# SOLVER: DR_leap
######################

#-------------------------

Force, [m x m] -> [m x 1]:
 [3.20156212 3.20156212 2.69998923 3.20156212 2.5        3.20156212
 2.69998923 3.20156212 3.20156212 3.20156212 2.69998923 2.68530078
 2.68530078 2.5        2.68530078 2.68530078 2.69998923 3.20156212
 3.20156212 2.5        2.68530078 2.5        2.5        2.5
 2.68530078 2.5        3.20156212 3.20156212 2.69998923 2.69998923
 2.68530078 2.5        2.68530078 2.69998923 2.69998923 3.20156212
 3.20156212 3.20156212 3.20156212 3.20156212]

Force Density, [m x m] -> [m x 1]:
 [1. 1. 1. 1. 1. 1. 1. 1. 1. 1. 1. 1. 1. 1. 1. 1. 1. 1. 1. 1. 1. 1. 1. 1.
 1. 1. 1. 1. 1. 1. 1. 1. 1. 1. 1. 1. 1. 1. 1. 1.]

#-------------------------

Element K_g, diag:
 [1. 1. 1. 1. 1. 1. 1. 1. 1. 1. 1. 1. 1. 1. 1. 1. 1. 1. 1. 1. 1. 1. 1. 1.
 1. 1. 1. 1. 1. 1. 1. 1. 1. 1. 1. 1. 1. 1. 1. 1.]

Element K_e, diag:
 [1. 1. 1. 1. 1. 1. 1. 1. 1. 1. 1. 1. 1. 1. 1. 1. 1. 1. 1. 1. 1. 1. 1. 1.
 1. 1. 1. 1. 1. 1. 1. 1. 1. 1. 1. 1. 1. 1. 1. 1.]

K (free nodes):
 [[ 8. -2.  0. -2.  0.  0.  0.  0.  0.]
 [-2.  8. -2.  0. -2.  0.  0.  0.  0.]
 [ 0. -2.  8.  0.  0. -2.  0.  0.  0.]
 [-2.  0.  0.  8. -2.  0. -2.  0.  0.]
 [ 0. -2.  0. -2.  8. -2.  0. -2.  0.]
 [ 0.  0. -2.  0. -2.  8.  0.  0. -2.]
 [ 0.  0.  0. -2.  0.  0.  8. -2.  0.]
 [ 0.  0.  0.  0. -2.  0. -2.  8. -2.]
 [ 0.  0.  0.  0.  0. -2.  0. -2.  8.]]

K (free nodes), diag:
 [8. 8. 8. 8. 8. 8. 8. 8. 8.]

#-------------------------

v_x:
 [[-9.91270558e-16]
 [-3.72717730e-15]
 [-3.37031990e-15]
 [-2.37904934e-16]
 [-1.66533454e-15]
 [-8.72318091e-16]
 [ 1.70498536e-15]
 [ 7.05784637e-15]
 [ 1.54638207e-15]]

v_y:
 [[ 9.91270558e-17]
 [-3.62805024e-15]
 [ 4.54001915e-15]
 [-4.16333634e-16]
 [-5.82867088e-15]
 [ 4.02455846e-15]
 [-2.59712886e-15]
 [-5.53128971e-15]
 [ 8.50510139e-15]]

v_z:
 [[-9.88769531e-02]
 [-5.05712551e-16]
 [ 9.88769531e-02]
 [ 3.20517267e-17]
 [-2.73218947e-16]
 [-4.35374935e-16]
 [ 9.88769531e-02]
 [-1.02592631e-16]
 [-9.88769531e-02]]


KINETIC ENERGY: 0.0007821321487426781

#-------------------------

d_x [n_free x 1]:
 [[-9.91270558e-17]
 [-3.72717730e-16]
 [-3.37031990e-16]
 [-2.37904934e-17]
 [-1.66533454e-16]
 [-8.72318091e-17]
 [ 1.70498536e-16]
 [ 7.05784637e-16]
 [ 1.54638207e-16]]

d_y [n_free x 1]:
 [[ 9.91270558e-18]
 [-3.62805024e-16]
 [ 4.54001915e-16]
 [-4.16333634e-17]
 [-5.82867088e-16]
 [ 4.02455846e-16]
 [-2.59712886e-16]
 [-5.53128971e-16]
 [ 8.50510139e-16]]

d_z [n_free x 1]:
 [[-9.88769531e-03]
 [-5.05712551e-17]
 [ 9.88769531e-03]
 [ 3.20517267e-18]
 [-2.73218947e-17]
 [-4.35374935e-17]
 [ 9.88769531e-03]
 [-1.02592631e-17]
 [-9.88769531e-03]]


    +----+------------+-----------+-----------+
    | t  | t - 3dt/2  | t - dt/2  | t + dt/2  |
    +----+------------+-----------+-----------+
    | E  | 2.225e-02  | 5.562e-03 | 7.821e-04 |
    +----+------------+-----------+-----------+


#-------------------------

nodes new []:
 [[ 0.00000000e+00  0.00000000e+00 -4.00000000e+00]
 [ 0.00000000e+00  2.50000000e+00 -2.00000000e+00]
 [ 0.00000000e+00  5.00000000e+00  0.00000000e+00]
 [ 0.00000000e+00  7.50000000e+00  2.00000000e+00]
 [ 0.00000000e+00  1.00000000e+01  4.00000000e+00]
 [ 2.50000000e+00  0.00000000e+00 -2.00000000e+00]
 [ 2.50000000e+00  2.50000000e+00 -9.90112305e-01]
 [ 2.50000000e+00  5.00000000e+00  4.43603255e-17]
 [ 2.50000000e+00  7.50000000e+00  9.90112305e-01]
 [ 2.50000000e+00  1.00000000e+01  2.00000000e+00]
 [ 5.00000000e+00  0.00000000e+00  0.00000000e+00]
 [ 5.00000000e+00  2.50000000e+00  1.69300105e-17]
 [ 5.00000000e+00  5.00000000e+00  3.49113100e-17]
 [ 5.00000000e+00  7.50000000e+00  3.98821833e-17]
 [ 5.00000000e+00  1.00000000e+01  0.00000000e+00]
 [ 7.50000000e+00  0.00000000e+00  2.00000000e+00]
 [ 7.50000000e+00  2.50000000e+00  9.90112305e-01]
 [ 7.50000000e+00  5.00000000e+00  2.69869537e-17]
 [ 7.50000000e+00  7.50000000e+00 -9.90112305e-01]
 [ 7.50000000e+00  1.00000000e+01 -2.00000000e+00]
 [ 1.00000000e+01  0.00000000e+00  4.00000000e+00]
 [ 1.00000000e+01  2.50000000e+00  2.00000000e+00]
 [ 1.00000000e+01  5.00000000e+00  0.00000000e+00]
 [ 1.00000000e+01  7.50000000e+00 -2.00000000e+00]
 [ 1.00000000e+01  1.00000000e+01 -4.00000000e+00]]


#-------------------------
Total Len = 330.002,
Max error = 0.005

######################
# ITERATION: 13
# SOLVER: DR_leap
######################

#-------------------------

Force, [m x m] -> [m x 1]:
 [3.20156212 3.20156212 2.69627023 3.20156212 2.5        3.20156212
 2.69627023 3.20156212 3.20156212 3.20156212 2.69627023 2.68892588
 2.68892588 2.5        2.68892588 2.68892588 2.69627023 3.20156212
 3.20156212 2.5        2.68892588 2.5        2.5        2.5
 2.68892588 2.5        3.20156212 3.20156212 2.69627023 2.69627023
 2.68892588 2.5        2.68892588 2.69627023 2.69627023 3.20156212
 3.20156212 3.20156212 3.20156212 3.20156212]

Force Density, [m x m] -> [m x 1]:
 [1. 1. 1. 1. 1. 1. 1. 1. 1. 1. 1. 1. 1. 1. 1. 1. 1. 1. 1. 1. 1. 1. 1. 1.
 1. 1. 1. 1. 1. 1. 1. 1. 1. 1. 1. 1. 1. 1. 1. 1.]

#-------------------------

Element K_g, diag:
 [1. 1. 1. 1. 1. 1. 1. 1. 1. 1. 1. 1. 1. 1. 1. 1. 1. 1. 1. 1. 1. 1. 1. 1.
 1. 1. 1. 1. 1. 1. 1. 1. 1. 1. 1. 1. 1. 1. 1. 1.]

Element K_e, diag:
 [1. 1. 1. 1. 1. 1. 1. 1. 1. 1. 1. 1. 1. 1. 1. 1. 1. 1. 1. 1. 1. 1. 1. 1.
 1. 1. 1. 1. 1. 1. 1. 1. 1. 1. 1. 1. 1. 1. 1. 1.]

K (free nodes):
 [[ 8. -2.  0. -2.  0.  0.  0.  0.  0.]
 [-2.  8. -2.  0. -2.  0.  0.  0.  0.]
 [ 0. -2.  8.  0.  0. -2.  0.  0.  0.]
 [-2.  0.  0.  8. -2.  0. -2.  0.  0.]
 [ 0. -2.  0. -2.  8. -2.  0. -2.  0.]
 [ 0.  0. -2.  0. -2.  8.  0.  0. -2.]
 [ 0.  0.  0. -2.  0.  0.  8. -2.  0.]
 [ 0.  0.  0.  0. -2.  0. -2.  8. -2.]
 [ 0.  0.  0.  0.  0. -2.  0. -2.  8.]]

K (free nodes), diag:
 [8. 8. 8. 8. 8. 8. 8. 8. 8.]

#-------------------------

v_x:
 [[-5.94762335e-16]
 [-3.25136743e-15]
 [-2.97381167e-15]
 [ 8.72318091e-16]
 [-5.55111512e-16]
 [ 2.37904934e-16]
 [ 4.63914621e-15]
 [ 1.76842667e-14]
 [ 4.48054292e-15]]

v_y:
 [[-9.91270558e-17]
 [-1.28270410e-14]
 [ 5.13478149e-15]
 [-8.92143502e-16]
 [-7.49400542e-15]
 [ 1.56025986e-14]
 [-2.63677968e-15]
 [-5.21408313e-15]
 [ 2.03606973e-14]]

v_z:
 [[-1.97753906e-01]
 [-1.33234894e-15]
 [ 1.97753906e-01]
 [-5.82081041e-16]
 [-9.67108338e-16]
 [-1.05289583e-15]
 [ 1.97753906e-01]
 [-6.99581452e-16]
 [-1.97753906e-01]]


KINETIC ENERGY: 0.003128528594970708

#-------------------------

d_x [n_free x 1]:
 [[-5.94762335e-17]
 [-3.25136743e-16]
 [-2.97381167e-16]
 [ 8.72318091e-17]
 [-5.55111512e-17]
 [ 2.37904934e-17]
 [ 4.63914621e-16]
 [ 1.76842667e-15]
 [ 4.48054292e-16]]

d_y [n_free x 1]:
 [[-9.91270558e-18]
 [-1.28270410e-15]
 [ 5.13478149e-16]
 [-8.92143502e-17]
 [-7.49400542e-16]
 [ 1.56025986e-15]
 [-2.63677968e-16]
 [-5.21408313e-16]
 [ 2.03606973e-15]]

d_z [n_free x 1]:
 [[-1.97753906e-02]
 [-1.33234894e-16]
 [ 1.97753906e-02]
 [-5.82081041e-17]
 [-9.67108338e-17]
 [-1.05289583e-16]
 [ 1.97753906e-02]
 [-6.99581452e-17]
 [-1.97753906e-02]]


    +----+------------+-----------+-----------+
    | t  | t - 3dt/2  | t - dt/2  | t + dt/2  |
    +----+------------+-----------+-----------+
    | E  | 5.562e-03  | 7.821e-04 | 3.129e-03 |
    +----+------------+-----------+-----------+


#-------------------------

nodes new []:
 [[ 0.00000000e+00  0.00000000e+00 -4.00000000e+00]
 [ 0.00000000e+00  2.50000000e+00 -2.00000000e+00]
 [ 0.00000000e+00  5.00000000e+00  0.00000000e+00]
 [ 0.00000000e+00  7.50000000e+00  2.00000000e+00]
 [ 0.00000000e+00  1.00000000e+01  4.00000000e+00]
 [ 2.50000000e+00  0.00000000e+00 -2.00000000e+00]
 [ 2.50000000e+00  2.50000000e+00 -1.00988770e+00]
 [ 2.50000000e+00  5.00000000e+00 -8.88745690e-17]
 [ 2.50000000e+00  7.50000000e+00  1.00988770e+00]
 [ 2.50000000e+00  1.00000000e+01  2.00000000e+00]
 [ 5.00000000e+00  0.00000000e+00  0.00000000e+00]
 [ 5.00000000e+00  2.50000000e+00 -4.12780936e-17]
 [ 5.00000000e+00  5.00000000e+00 -6.17995238e-17]
 [ 5.00000000e+00  7.50000000e+00 -6.54074002e-17]
 [ 5.00000000e+00  1.00000000e+01  0.00000000e+00]
 [ 7.50000000e+00  0.00000000e+00  2.00000000e+00]
 [ 7.50000000e+00  2.50000000e+00  1.00988770e+00]
 [ 7.50000000e+00  5.00000000e+00 -4.29711915e-17]
 [ 7.50000000e+00  7.50000000e+00 -1.00988770e+00]
 [ 7.50000000e+00  1.00000000e+01 -2.00000000e+00]
 [ 1.00000000e+01  0.00000000e+00  4.00000000e+00]
 [ 1.00000000e+01  2.50000000e+00  2.00000000e+00]
 [ 1.00000000e+01  5.00000000e+00  0.00000000e+00]
 [ 1.00000000e+01  7.50000000e+00 -2.00000000e+00]
 [ 1.00000000e+01  1.00000000e+01 -4.00000000e+00]]


#-------------------------
Total Len = 330.002,
Max error = 0.000

######################
# ITERATION: 14
# SOLVER: DR_leap
######################

#-------------------------

Force, [m x m] -> [m x 1]:
 [3.20156212 3.20156212 2.68892588 3.20156212 2.5        3.20156212
 2.68892588 3.20156212 3.20156212 3.20156212 2.68892588 2.69627023
 2.69627023 2.5        2.69627023 2.69627023 2.68892588 3.20156212
 3.20156212 2.5        2.69627023 2.5        2.5        2.5
 2.69627023 2.5        3.20156212 3.20156212 2.68892588 2.68892588
 2.69627023 2.5        2.69627023 2.68892588 2.68892588 3.20156212
 3.20156212 3.20156212 3.20156212 3.20156212]

Force Density, [m x m] -> [m x 1]:
 [1. 1. 1. 1. 1. 1. 1. 1. 1. 1. 1. 1. 1. 1. 1. 1. 1. 1. 1. 1. 1. 1. 1. 1.
 1. 1. 1. 1. 1. 1. 1. 1. 1. 1. 1. 1. 1. 1. 1. 1.]

#-------------------------

Element K_g, diag:
 [1. 1. 1. 1. 1. 1. 1. 1. 1. 1. 1. 1. 1. 1. 1. 1. 1. 1. 1. 1. 1. 1. 1. 1.
 1. 1. 1. 1. 1. 1. 1. 1. 1. 1. 1. 1. 1. 1. 1. 1.]

Element K_e, diag:
 [1. 1. 1. 1. 1. 1. 1. 1. 1. 1. 1. 1. 1. 1. 1. 1. 1. 1. 1. 1. 1. 1. 1. 1.
 1. 1. 1. 1. 1. 1. 1. 1. 1. 1. 1. 1. 1. 1. 1. 1.]

K (free nodes):
 [[ 8. -2.  0. -2.  0.  0.  0.  0.  0.]
 [-2.  8. -2.  0. -2.  0.  0.  0.  0.]
 [ 0. -2.  8.  0.  0. -2.  0.  0.  0.]
 [-2.  0.  0.  8. -2.  0. -2.  0.  0.]
 [ 0. -2.  0. -2.  8. -2.  0. -2.  0.]
 [ 0.  0. -2.  0. -2.  8.  0.  0. -2.]
 [ 0.  0.  0. -2.  0.  0.  8. -2.  0.]
 [ 0.  0.  0.  0. -2.  0. -2.  8. -2.]
 [ 0.  0.  0.  0.  0. -2.  0. -2.  8.]]

K (free nodes), diag:
 [8. 8. 8. 8. 8. 8. 8. 8. 8.]

#-------------------------

v_x:
 [[ 1.38777878e-16]
 [ 1.54638207e-15]
 [ 1.32830255e-15]
 [-9.91270558e-16]
 [-4.16333634e-15]
 [-6.74063979e-16]
 [-8.82230796e-15]
 [ 1.22917549e-15]
 [-8.74300632e-15]]

v_y:
 [[-3.27119284e-15]
 [-2.19863810e-14]
 [-1.94487283e-14]
 [-4.42106669e-15]
 [-7.49400542e-15]
 [-2.51782722e-15]
 [-2.57730345e-16]
 [-1.05074679e-15]
 [ 7.98964070e-15]]

v_z:
 [[-9.88769531e-02]
 [-1.08894556e-16]
 [ 9.88769531e-02]
 [ 5.17774300e-16]
 [ 9.54097912e-17]
 [-2.70576205e-16]
 [ 9.88769531e-02]
 [ 3.65782708e-16]
 [-9.88769531e-02]]


KINETIC ENERGY: 0.0007821321487426736

#-------------------------

d_x [n_free x 1]:
 [[ 1.38777878e-17]
 [ 1.54638207e-16]
 [ 1.32830255e-16]
 [-9.91270558e-17]
 [-4.16333634e-16]
 [-6.74063979e-17]
 [-8.82230796e-16]
 [ 1.22917549e-16]
 [-8.74300632e-16]]

d_y [n_free x 1]:
 [[-3.27119284e-16]
 [-2.19863810e-15]
 [-1.94487283e-15]
 [-4.42106669e-16]
 [-7.49400542e-16]
 [-2.51782722e-16]
 [-2.57730345e-17]
 [-1.05074679e-16]
 [ 7.98964070e-16]]

d_z [n_free x 1]:
 [[-9.88769531e-03]
 [-1.08894556e-17]
 [ 9.88769531e-03]
 [ 5.17774300e-17]
 [ 9.54097912e-18]
 [-2.70576205e-17]
 [ 9.88769531e-03]
 [ 3.65782708e-17]
 [-9.88769531e-03]]


    +----+------------+-----------+-----------+
    | t  | t - 3dt/2  | t - dt/2  | t + dt/2  |
    +----+------------+-----------+-----------+
    | E  | 7.821e-04  | 3.129e-03 | 7.821e-04 |
    +----+------------+-----------+-----------+



KINETIC ENERGY PEAK REACHED. APPLYING DAMPING.
Interpolated q = 0.500

#-------------------------

d_x [n_free x 1]:
 [[-2.52773992e-17]
 [-1.97262841e-16]
 [-1.73967983e-16]
 [ 9.61532441e-17]
 [ 2.98372438e-16]
 [ 5.65024218e-17]
 [ 7.77651753e-16]
 [ 3.49918507e-16]
 [ 7.67739047e-16]]

d_y [n_free x 1]:
 [[ 2.42861287e-16]
 [ 1.32830255e-15]
 [ 1.58702416e-15]
 [ 3.09276414e-16]
 [ 3.74700271e-16]
 [ 5.78902006e-16]
 [-4.65897162e-17]
 [-5.15460690e-17]
 [-9.02056208e-17]]

d_z [n_free x 1]:
 [[ 2.47192383e-03]
 [-2.51416319e-17]
 [-2.47192383e-03]
 [-5.33850985e-17]
 [-3.13334428e-17]
 [-6.02918052e-18]
 [-2.47192383e-03]
 [-4.49232394e-17]
 [ 2.47192383e-03]]

#-------------------------

nodes new []:
 [[ 0.00000000e+00  0.00000000e+00 -4.00000000e+00]
 [ 0.00000000e+00  2.50000000e+00 -2.00000000e+00]
 [ 0.00000000e+00  5.00000000e+00  0.00000000e+00]
 [ 0.00000000e+00  7.50000000e+00  2.00000000e+00]
 [ 0.00000000e+00  1.00000000e+01  4.00000000e+00]
 [ 2.50000000e+00  0.00000000e+00 -2.00000000e+00]
 [ 2.50000000e+00  2.50000000e+00 -1.00741577e+00]
 [ 2.50000000e+00  5.00000000e+00 -1.14016201e-16]
 [ 2.50000000e+00  7.50000000e+00  1.00741577e+00]
 [ 2.50000000e+00  1.00000000e+01  2.00000000e+00]
 [ 5.00000000e+00  0.00000000e+00  0.00000000e+00]
 [ 5.00000000e+00  2.50000000e+00 -9.46631921e-17]
 [ 5.00000000e+00  5.00000000e+00 -9.31329666e-17]
 [ 5.00000000e+00  7.50000000e+00 -7.14365807e-17]
 [ 5.00000000e+00  1.00000000e+01  0.00000000e+00]
 [ 7.50000000e+00  0.00000000e+00  2.00000000e+00]
 [ 7.50000000e+00  2.50000000e+00  1.00741577e+00]
 [ 7.50000000e+00  5.00000000e+00 -8.78944309e-17]
 [ 7.50000000e+00  7.50000000e+00 -1.00741577e+00]
 [ 7.50000000e+00  1.00000000e+01 -2.00000000e+00]
 [ 1.00000000e+01  0.00000000e+00  4.00000000e+00]
 [ 1.00000000e+01  2.50000000e+00  2.00000000e+00]
 [ 1.00000000e+01  5.00000000e+00  0.00000000e+00]
 [ 1.00000000e+01  7.50000000e+00 -2.00000000e+00]
 [ 1.00000000e+01  1.00000000e+01 -4.00000000e+00]]


#-------------------------
Total Len = 330.001,
Max error = 0.001

######################
# ITERATION: 15
# SOLVER: DR_leap
######################

#-------------------------

Force, [m x m] -> [m x 1]:
 [3.20156212 3.20156212 2.68983707 3.20156212 2.5        3.20156212
 2.68983707 3.20156212 3.20156212 3.20156212 2.68983707 2.69534535
 2.69534535 2.5        2.69534535 2.69534535 2.68983707 3.20156212
 3.20156212 2.5        2.69534535 2.5        2.5        2.5
 2.69534535 2.5        3.20156212 3.20156212 2.68983707 2.68983707
 2.69534535 2.5        2.69534535 2.68983707 2.68983707 3.20156212
 3.20156212 3.20156212 3.20156212 3.20156212]

Force Density, [m x m] -> [m x 1]:
 [1. 1. 1. 1. 1. 1. 1. 1. 1. 1. 1. 1. 1. 1. 1. 1. 1. 1. 1. 1. 1. 1. 1. 1.
 1. 1. 1. 1. 1. 1. 1. 1. 1. 1. 1. 1. 1. 1. 1. 1.]

#-------------------------

Element K_g, diag:
 [1. 1. 1. 1. 1. 1. 1. 1. 1. 1. 1. 1. 1. 1. 1. 1. 1. 1. 1. 1. 1. 1. 1. 1.
 1. 1. 1. 1. 1. 1. 1. 1. 1. 1. 1. 1. 1. 1. 1. 1.]

Element K_e, diag:
 [1. 1. 1. 1. 1. 1. 1. 1. 1. 1. 1. 1. 1. 1. 1. 1. 1. 1. 1. 1. 1. 1. 1. 1.
 1. 1. 1. 1. 1. 1. 1. 1. 1. 1. 1. 1. 1. 1. 1. 1.]

K (free nodes):
 [[ 8. -2.  0. -2.  0.  0.  0.  0.  0.]
 [-2.  8. -2.  0. -2.  0.  0.  0.  0.]
 [ 0. -2.  8.  0.  0. -2.  0.  0.  0.]
 [-2.  0.  0.  8. -2.  0. -2.  0.  0.]
 [ 0. -2.  0. -2.  8. -2.  0. -2.  0.]
 [ 0.  0. -2.  0. -2.  8.  0.  0. -2.]
 [ 0.  0.  0. -2.  0.  0.  8. -2.  0.]
 [ 0.  0.  0.  0. -2.  0. -2.  8. -2.]
 [ 0.  0.  0.  0.  0. -2.  0. -2.  8.]]

K (free nodes), diag:
 [8. 8. 8. 8. 8. 8. 8. 8. 8.]

#-------------------------

v_x:
 [[ 5.25373396e-16]
 [ 3.74700271e-15]
 [ 3.49918507e-15]
 [ 5.74936923e-16]
 [ 2.08166817e-15]
 [ 1.36795337e-15]
 [-9.18907807e-15]
 [-1.80411242e-15]
 [-8.99082396e-15]]

v_y:
 [[-3.92543141e-15]
 [-5.70971841e-15]
 [-1.39174386e-14]
 [-5.55111512e-15]
 [-5.55111512e-16]
 [-1.44328993e-14]
 [ 3.96508223e-17]
 [ 1.26882631e-15]
 [-7.73191035e-15]]

v_z:
 [[ 3.70788574e-02]
 [ 1.11121405e-15]
 [-3.70788574e-02]
 [ 1.25270244e-15]
 [ 1.06034972e-15]
 [ 7.74755626e-16]
 [-3.70788574e-02]
 [ 1.08039052e-15]
 [ 3.70788574e-02]]


KINETIC ENERGY: 0.00010998733341693965

#-------------------------

d_x [n_free x 1]:
 [[ 5.25373396e-17]
 [ 3.74700271e-16]
 [ 3.49918507e-16]
 [ 5.74936923e-17]
 [ 2.08166817e-16]
 [ 1.36795337e-16]
 [-9.18907807e-16]
 [-1.80411242e-16]
 [-8.99082396e-16]]

d_y [n_free x 1]:
 [[-3.92543141e-16]
 [-5.70971841e-16]
 [-1.39174386e-15]
 [-5.55111512e-16]
 [-5.55111512e-17]
 [-1.44328993e-15]
 [ 3.96508223e-18]
 [ 1.26882631e-16]
 [-7.73191035e-16]]

d_z [n_free x 1]:
 [[ 3.70788574e-03]
 [ 1.11121405e-16]
 [-3.70788574e-03]
 [ 1.25270244e-16]
 [ 1.06034972e-16]
 [ 7.74755626e-17]
 [-3.70788574e-03]
 [ 1.08039052e-16]
 [ 3.70788574e-03]]


    +----+------------+-----------+-----------+
    | t  | t - 3dt/2  | t - dt/2  | t + dt/2  |
    +----+------------+-----------+-----------+
    | E  | 3.129e-03  | 7.821e-04 | 1.100e-04 |
    +----+------------+-----------+-----------+


#-------------------------

nodes new []:
 [[ 0.00000000e+00  0.00000000e+00 -4.00000000e+00]
 [ 0.00000000e+00  2.50000000e+00 -2.00000000e+00]
 [ 0.00000000e+00  5.00000000e+00  0.00000000e+00]
 [ 0.00000000e+00  7.50000000e+00  2.00000000e+00]
 [ 0.00000000e+00  1.00000000e+01  4.00000000e+00]
 [ 2.50000000e+00  0.00000000e+00 -2.00000000e+00]
 [ 2.50000000e+00  2.50000000e+00 -1.00370789e+00]
 [ 2.50000000e+00  5.00000000e+00 -2.89479560e-18]
 [ 2.50000000e+00  7.50000000e+00  1.00370789e+00]
 [ 2.50000000e+00  1.00000000e+01  2.00000000e+00]
 [ 5.00000000e+00  0.00000000e+00  0.00000000e+00]
 [ 5.00000000e+00  2.50000000e+00  3.06070515e-17]
 [ 5.00000000e+00  5.00000000e+00  1.29020059e-17]
 [ 5.00000000e+00  7.50000000e+00  6.03898190e-18]
 [ 5.00000000e+00  1.00000000e+01  0.00000000e+00]
 [ 7.50000000e+00  0.00000000e+00  2.00000000e+00]
 [ 7.50000000e+00  2.50000000e+00  1.00370789e+00]
 [ 7.50000000e+00  5.00000000e+00  2.01446216e-17]
 [ 7.50000000e+00  7.50000000e+00 -1.00370789e+00]
 [ 7.50000000e+00  1.00000000e+01 -2.00000000e+00]
 [ 1.00000000e+01  0.00000000e+00  4.00000000e+00]
 [ 1.00000000e+01  2.50000000e+00  2.00000000e+00]
 [ 1.00000000e+01  5.00000000e+00  0.00000000e+00]
 [ 1.00000000e+01  7.50000000e+00 -2.00000000e+00]
 [ 1.00000000e+01  1.00000000e+01 -4.00000000e+00]]


#-------------------------
Total Len = 330.000,
Max error = 0.001

######################
# ITERATION: 16
# SOLVER: DR_leap
######################

#-------------------------

Force, [m x m] -> [m x 1]:
 [3.20156212 3.20156212 2.69120753 3.20156212 2.5        3.20156212
 2.69120753 3.20156212 3.20156212 3.20156212 2.69120753 2.69396168
 2.69396168 2.5        2.69396168 2.69396168 2.69120753 3.20156212
 3.20156212 2.5        2.69396168 2.5        2.5        2.5
 2.69396168 2.5        3.20156212 3.20156212 2.69120753 2.69120753
 2.69396168 2.5        2.69396168 2.69120753 2.69120753 3.20156212
 3.20156212 3.20156212 3.20156212 3.20156212]

Force Density, [m x m] -> [m x 1]:
 [1. 1. 1. 1. 1. 1. 1. 1. 1. 1. 1. 1. 1. 1. 1. 1. 1. 1. 1. 1. 1. 1. 1. 1.
 1. 1. 1. 1. 1. 1. 1. 1. 1. 1. 1. 1. 1. 1. 1. 1.]

#-------------------------

Element K_g, diag:
 [1. 1. 1. 1. 1. 1. 1. 1. 1. 1. 1. 1. 1. 1. 1. 1. 1. 1. 1. 1. 1. 1. 1. 1.
 1. 1. 1. 1. 1. 1. 1. 1. 1. 1. 1. 1. 1. 1. 1. 1.]

Element K_e, diag:
 [1. 1. 1. 1. 1. 1. 1. 1. 1. 1. 1. 1. 1. 1. 1. 1. 1. 1. 1. 1. 1. 1. 1. 1.
 1. 1. 1. 1. 1. 1. 1. 1. 1. 1. 1. 1. 1. 1. 1. 1.]

K (free nodes):
 [[ 8. -2.  0. -2.  0.  0.  0.  0.  0.]
 [-2.  8. -2.  0. -2.  0.  0.  0.  0.]
 [ 0. -2.  8.  0.  0. -2.  0.  0.  0.]
 [-2.  0.  0.  8. -2.  0. -2.  0.  0.]
 [ 0. -2.  0. -2.  8. -2.  0. -2.  0.]
 [ 0.  0. -2.  0. -2.  8.  0.  0. -2.]
 [ 0.  0.  0. -2.  0.  0.  8. -2.  0.]
 [ 0.  0.  0.  0. -2.  0. -2.  8. -2.]
 [ 0.  0.  0.  0.  0. -2.  0. -2.  8.]]

K (free nodes), diag:
 [8. 8. 8. 8. 8. 8. 8. 8. 8.]

#-------------------------

v_x:
 [[-1.45716772e-15]
 [ 1.36795337e-15]
 [ 1.51664395e-15]
 [-4.97617820e-15]
 [-3.46944695e-15]
 [-4.18316175e-15]
 [-2.38598823e-14]
 [-1.94090775e-14]
 [-2.36616282e-14]]

v_y:
 [[-5.30825384e-15]
 [-9.17420901e-15]
 [-2.38251879e-14]
 [-7.61791424e-15]
 [ 5.75928194e-15]
 [-1.50722688e-14]
 [ 2.93911720e-15]
 [ 6.05170675e-15]
 [-6.69603262e-15]]

v_z:
 [[ 7.41577148e-02]
 [ 7.03460863e-16]
 [-7.41577148e-02]
 [ 2.11233076e-16]
 [ 8.06646416e-16]
 [ 1.00307336e-15]
 [-7.41577148e-02]
 [ 1.26739846e-15]
 [ 7.41577148e-02]]


KINETIC ENERGY: 0.0004399493336677568

#-------------------------

d_x [n_free x 1]:
 [[-1.45716772e-16]
 [ 1.36795337e-16]
 [ 1.51664395e-16]
 [-4.97617820e-16]
 [-3.46944695e-16]
 [-4.18316175e-16]
 [-2.38598823e-15]
 [-1.94090775e-15]
 [-2.36616282e-15]]

d_y [n_free x 1]:
 [[-5.30825384e-16]
 [-9.17420901e-16]
 [-2.38251879e-15]
 [-7.61791424e-16]
 [ 5.75928194e-16]
 [-1.50722688e-15]
 [ 2.93911720e-16]
 [ 6.05170675e-16]
 [-6.69603262e-16]]

d_z [n_free x 1]:
 [[ 7.41577148e-03]
 [ 7.03460863e-17]
 [-7.41577148e-03]
 [ 2.11233076e-17]
 [ 8.06646416e-17]
 [ 1.00307336e-16]
 [-7.41577148e-03]
 [ 1.26739846e-16]
 [ 7.41577148e-03]]


    +----+------------+-----------+-----------+
    | t  | t - 3dt/2  | t - dt/2  | t + dt/2  |
    +----+------------+-----------+-----------+
    | E  | 7.821e-04  | 1.100e-04 | 4.399e-04 |
    +----+------------+-----------+-----------+


#-------------------------

nodes new []:
 [[ 0.00000000e+00  0.00000000e+00 -4.00000000e+00]
 [ 0.00000000e+00  2.50000000e+00 -2.00000000e+00]
 [ 0.00000000e+00  5.00000000e+00  0.00000000e+00]
 [ 0.00000000e+00  7.50000000e+00  2.00000000e+00]
 [ 0.00000000e+00  1.00000000e+01  4.00000000e+00]
 [ 2.50000000e+00  0.00000000e+00 -2.00000000e+00]
 [ 2.50000000e+00  2.50000000e+00 -9.96292114e-01]
 [ 2.50000000e+00  5.00000000e+00  6.74512907e-17]
 [ 2.50000000e+00  7.50000000e+00  9.96292114e-01]
 [ 2.50000000e+00  1.00000000e+01  2.00000000e+00]
 [ 5.00000000e+00  0.00000000e+00  0.00000000e+00]
 [ 5.00000000e+00  2.50000000e+00  5.17303592e-17]
 [ 5.00000000e+00  5.00000000e+00  9.35666475e-17]
 [ 5.00000000e+00  7.50000000e+00  1.06346318e-16]
 [ 5.00000000e+00  1.00000000e+01  0.00000000e+00]
 [ 7.50000000e+00  0.00000000e+00  2.00000000e+00]
 [ 7.50000000e+00  2.50000000e+00  9.96292114e-01]
 [ 7.50000000e+00  5.00000000e+00  1.46884467e-16]
 [ 7.50000000e+00  7.50000000e+00 -9.96292114e-01]
 [ 7.50000000e+00  1.00000000e+01 -2.00000000e+00]
 [ 1.00000000e+01  0.00000000e+00  4.00000000e+00]
 [ 1.00000000e+01  2.50000000e+00  2.00000000e+00]
 [ 1.00000000e+01  5.00000000e+00  0.00000000e+00]
 [ 1.00000000e+01  7.50000000e+00 -2.00000000e+00]
 [ 1.00000000e+01  1.00000000e+01 -4.00000000e+00]]


#-------------------------
Total Len = 330.000,
Max error = 0.000

######################
# ITERATION: 17
# SOLVER: DR_leap
######################

#-------------------------

Force, [m x m] -> [m x 1]:
 [3.20156212 3.20156212 2.69396168 3.20156212 2.5        3.20156212
 2.69396168 3.20156212 3.20156212 3.20156212 2.69396168 2.69120753
 2.69120753 2.5        2.69120753 2.69120753 2.69396168 3.20156212
 3.20156212 2.5        2.69120753 2.5        2.5        2.5
 2.69120753 2.5        3.20156212 3.20156212 2.69396168 2.69396168
 2.69120753 2.5        2.69120753 2.69396168 2.69396168 3.20156212
 3.20156212 3.20156212 3.20156212 3.20156212]

Force Density, [m x m] -> [m x 1]:
 [1. 1. 1. 1. 1. 1. 1. 1. 1. 1. 1. 1. 1. 1. 1. 1. 1. 1. 1. 1. 1. 1. 1. 1.
 1. 1. 1. 1. 1. 1. 1. 1. 1. 1. 1. 1. 1. 1. 1. 1.]

#-------------------------

Element K_g, diag:
 [1. 1. 1. 1. 1. 1. 1. 1. 1. 1. 1. 1. 1. 1. 1. 1. 1. 1. 1. 1. 1. 1. 1. 1.
 1. 1. 1. 1. 1. 1. 1. 1. 1. 1. 1. 1. 1. 1. 1. 1.]

Element K_e, diag:
 [1. 1. 1. 1. 1. 1. 1. 1. 1. 1. 1. 1. 1. 1. 1. 1. 1. 1. 1. 1. 1. 1. 1. 1.
 1. 1. 1. 1. 1. 1. 1. 1. 1. 1. 1. 1. 1. 1. 1. 1.]

K (free nodes):
 [[ 8. -2.  0. -2.  0.  0.  0.  0.  0.]
 [-2.  8. -2.  0. -2.  0.  0.  0.  0.]
 [ 0. -2.  8.  0.  0. -2.  0.  0.  0.]
 [-2.  0.  0.  8. -2.  0. -2.  0.  0.]
 [ 0. -2.  0. -2.  8. -2.  0. -2.  0.]
 [ 0.  0. -2.  0. -2.  8.  0.  0. -2.]
 [ 0.  0.  0. -2.  0.  0.  8. -2.  0.]
 [ 0.  0.  0.  0. -2.  0. -2.  8. -2.]
 [ 0.  0.  0.  0.  0. -2.  0. -2.  8.]]

K (free nodes), diag:
 [8. 8. 8. 8. 8. 8. 8. 8. 8.]

#-------------------------

v_x:
 [[-9.41707030e-16]
 [ 1.84376324e-15]
 [ 1.23908820e-15]
 [ 5.49163889e-15]
 [-1.80411242e-15]
 [-5.76919465e-15]
 [-1.93297759e-15]
 [-1.32235492e-14]
 [-4.74818597e-15]]

v_y:
 [[ 8.37623621e-16]
 [ 4.14846728e-15]
 [ 2.78051391e-15]
 [ 3.64291930e-15]
 [ 8.53483950e-15]
 [ 6.97358837e-15]
 [ 3.53387954e-15]
 [ 6.05170675e-15]
 [-1.18456832e-15]]

v_z:
 [[ 3.70788574e-02]
 [-8.35767409e-17]
 [-3.70788574e-02]
 [-5.47073170e-16]
 [-1.92987987e-16]
 [-6.87536643e-17]
 [-3.70788574e-02]
 [-9.92214394e-17]
 [ 3.70788574e-02]]


KINETIC ENERGY: 0.00010998733341693797

#-------------------------

d_x [n_free x 1]:
 [[-9.41707030e-17]
 [ 1.84376324e-16]
 [ 1.23908820e-16]
 [ 5.49163889e-16]
 [-1.80411242e-16]
 [-5.76919465e-16]
 [-1.93297759e-16]
 [-1.32235492e-15]
 [-4.74818597e-16]]

d_y [n_free x 1]:
 [[ 8.37623621e-17]
 [ 4.14846728e-16]
 [ 2.78051391e-16]
 [ 3.64291930e-16]
 [ 8.53483950e-16]
 [ 6.97358837e-16]
 [ 3.53387954e-16]
 [ 6.05170675e-16]
 [-1.18456832e-16]]

d_z [n_free x 1]:
 [[ 3.70788574e-03]
 [-8.35767409e-18]
 [-3.70788574e-03]
 [-5.47073170e-17]
 [-1.92987987e-17]
 [-6.87536643e-18]
 [-3.70788574e-03]
 [-9.92214394e-18]
 [ 3.70788574e-03]]


    +----+------------+-----------+-----------+
    | t  | t - 3dt/2  | t - dt/2  | t + dt/2  |
    +----+------------+-----------+-----------+
    | E  | 1.100e-04  | 4.399e-04 | 1.100e-04 |
    +----+------------+-----------+-----------+



KINETIC ENERGY PEAK REACHED. APPLYING DAMPING.
Interpolated q = 0.500

#-------------------------

d_x [n_free x 1]:
 [[ 3.41988342e-17]
 [-1.04083409e-16]
 [-5.50155160e-17]
 [-5.36277372e-16]
 [ 4.85722573e-17]
 [ 3.28110555e-16]
 [-4.51523739e-16]
 [ 5.06539255e-16]
 [-2.35426757e-16]]

d_y [n_free x 1]:
 [[-1.95528118e-16]
 [-5.40490272e-16]
 [-8.04168240e-16]
 [-4.63666803e-16]
 [-4.96130914e-16]
 [-8.99825849e-16]
 [-1.91563035e-16]
 [-3.02585338e-16]
 [-7.85581917e-17]]

d_z [n_free x 1]:
 [[-9.26971436e-04]
 [ 2.38547771e-17]
 [ 9.26971436e-04]
 [ 4.63113146e-17]
 [ 3.46402594e-17]
 [ 3.02333587e-17]
 [ 9.26971436e-04]
 [ 3.91265694e-17]
 [-9.26971436e-04]]

#-------------------------

nodes new []:
 [[ 0.00000000e+00  0.00000000e+00 -4.00000000e+00]
 [ 0.00000000e+00  2.50000000e+00 -2.00000000e+00]
 [ 0.00000000e+00  5.00000000e+00  0.00000000e+00]
 [ 0.00000000e+00  7.50000000e+00  2.00000000e+00]
 [ 0.00000000e+00  1.00000000e+01  4.00000000e+00]
 [ 2.50000000e+00  0.00000000e+00 -2.00000000e+00]
 [ 2.50000000e+00  2.50000000e+00 -9.97219086e-01]
 [ 2.50000000e+00  5.00000000e+00  9.13060678e-17]
 [ 2.50000000e+00  7.50000000e+00  9.97219086e-01]
 [ 2.50000000e+00  1.00000000e+01  2.00000000e+00]
 [ 5.00000000e+00  0.00000000e+00  0.00000000e+00]
 [ 5.00000000e+00  2.50000000e+00  9.80416738e-17]
 [ 5.00000000e+00  5.00000000e+00  1.28206907e-16]
 [ 5.00000000e+00  7.50000000e+00  1.36579676e-16]
 [ 5.00000000e+00  1.00000000e+01  0.00000000e+00]
 [ 7.50000000e+00  0.00000000e+00  2.00000000e+00]
 [ 7.50000000e+00  2.50000000e+00  9.97219086e-01]
 [ 7.50000000e+00  5.00000000e+00  1.86011037e-16]
 [ 7.50000000e+00  7.50000000e+00 -9.97219086e-01]
 [ 7.50000000e+00  1.00000000e+01 -2.00000000e+00]
 [ 1.00000000e+01  0.00000000e+00  4.00000000e+00]
 [ 1.00000000e+01  2.50000000e+00  2.00000000e+00]
 [ 1.00000000e+01  5.00000000e+00  0.00000000e+00]
 [ 1.00000000e+01  7.50000000e+00 -2.00000000e+00]
 [ 1.00000000e+01  1.00000000e+01 -4.00000000e+00]]


#-------------------------
Total Len = 330.000,
Max error = 0.000

######################
# ITERATION: 18
# SOLVER: DR_leap
######################

#-------------------------

Force, [m x m] -> [m x 1]:
 [3.20156212 3.20156212 2.69361645 3.20156212 2.5        3.20156212
 2.69361645 3.20156212 3.20156212 3.20156212 2.69361645 2.69155084
 2.69155084 2.5        2.69155084 2.69155084 2.69361645 3.20156212
 3.20156212 2.5        2.69155084 2.5        2.5        2.5
 2.69155084 2.5        3.20156212 3.20156212 2.69361645 2.69361645
 2.69155084 2.5        2.69155084 2.69361645 2.69361645 3.20156212
 3.20156212 3.20156212 3.20156212 3.20156212]

Force Density, [m x m] -> [m x 1]:
 [1. 1. 1. 1. 1. 1. 1. 1. 1. 1. 1. 1. 1. 1. 1. 1. 1. 1. 1. 1. 1. 1. 1. 1.
 1. 1. 1. 1. 1. 1. 1. 1. 1. 1. 1. 1. 1. 1. 1. 1.]

#-------------------------

Element K_g, diag:
 [1. 1. 1. 1. 1. 1. 1. 1. 1. 1. 1. 1. 1. 1. 1. 1. 1. 1. 1. 1. 1. 1. 1. 1.
 1. 1. 1. 1. 1. 1. 1. 1. 1. 1. 1. 1. 1. 1. 1. 1.]

Element K_e, diag:
 [1. 1. 1. 1. 1. 1. 1. 1. 1. 1. 1. 1. 1. 1. 1. 1. 1. 1. 1. 1. 1. 1. 1. 1.
 1. 1. 1. 1. 1. 1. 1. 1. 1. 1. 1. 1. 1. 1. 1. 1.]

K (free nodes):
 [[ 8. -2.  0. -2.  0.  0.  0.  0.  0.]
 [-2.  8. -2.  0. -2.  0.  0.  0.  0.]
 [ 0. -2.  8.  0.  0. -2.  0.  0.  0.]
 [-2.  0.  0.  8. -2.  0. -2.  0.  0.]
 [ 0. -2.  0. -2.  8. -2.  0. -2.  0.]
 [ 0.  0. -2.  0. -2.  8.  0.  0. -2.]
 [ 0.  0.  0. -2.  0.  0.  8. -2.  0.]
 [ 0.  0.  0.  0. -2.  0. -2.  8. -2.]
 [ 0.  0.  0.  0.  0. -2.  0. -2.  8.]]

K (free nodes), diag:
 [8. 8. 8. 8. 8. 8. 8. 8. 8.]

#-------------------------

v_x:
 [[-1.61577101e-15]
 [-1.20935008e-15]
 [-8.62405385e-16]
 [ 5.84849629e-15]
 [-2.35922393e-15]
 [-2.24027146e-15]
 [ 9.60541170e-15]
 [-2.95398626e-15]
 [ 7.58321977e-15]]

v_y:
 [[ 4.36159045e-16]
 [ 5.94762335e-15]
 [ 8.36632351e-15]
 [ 4.67879703e-15]
 [ 1.66533454e-15]
 [ 9.75410229e-15]
 [-1.14987385e-15]
 [-3.96508223e-16]
 [ 2.33939852e-15]]

v_z:
 [[-1.39045715e-02]
 [-6.03120281e-16]
 [ 1.39045715e-02]
 [-6.54348834e-16]
 [-7.54062611e-16]
 [-6.54283189e-16]
 [ 1.39045715e-02]
 [-1.10174634e-15]
 [-1.39045715e-02]]


KINETIC ENERGY: 1.5466968761757636e-05

#-------------------------

d_x [n_free x 1]:
 [[-1.61577101e-16]
 [-1.20935008e-16]
 [-8.62405385e-17]
 [ 5.84849629e-16]
 [-2.35922393e-16]
 [-2.24027146e-16]
 [ 9.60541170e-16]
 [-2.95398626e-16]
 [ 7.58321977e-16]]

d_y [n_free x 1]:
 [[ 4.36159045e-17]
 [ 5.94762335e-16]
 [ 8.36632351e-16]
 [ 4.67879703e-16]
 [ 1.66533454e-16]
 [ 9.75410229e-16]
 [-1.14987385e-16]
 [-3.96508223e-17]
 [ 2.33939852e-16]]

d_z [n_free x 1]:
 [[-1.39045715e-03]
 [-6.03120281e-17]
 [ 1.39045715e-03]
 [-6.54348834e-17]
 [-7.54062611e-17]
 [-6.54283189e-17]
 [ 1.39045715e-03]
 [-1.10174634e-16]
 [-1.39045715e-03]]


    +----+------------+-----------+-----------+
    | t  | t - 3dt/2  | t - dt/2  | t + dt/2  |
    +----+------------+-----------+-----------+
    | E  | 4.399e-04  | 1.100e-04 | 1.547e-05 |
    +----+------------+-----------+-----------+


#-------------------------

nodes new []:
 [[ 0.00000000e+00  0.00000000e+00 -4.00000000e+00]
 [ 0.00000000e+00  2.50000000e+00 -2.00000000e+00]
 [ 0.00000000e+00  5.00000000e+00  0.00000000e+00]
 [ 0.00000000e+00  7.50000000e+00  2.00000000e+00]
 [ 0.00000000e+00  1.00000000e+01  4.00000000e+00]
 [ 2.50000000e+00  0.00000000e+00 -2.00000000e+00]
 [ 2.50000000e+00  2.50000000e+00 -9.98609543e-01]
 [ 2.50000000e+00  5.00000000e+00  3.09940397e-17]
 [ 2.50000000e+00  7.50000000e+00  9.98609543e-01]
 [ 2.50000000e+00  1.00000000e+01  2.00000000e+00]
 [ 5.00000000e+00  0.00000000e+00  0.00000000e+00]
 [ 5.00000000e+00  2.50000000e+00  3.26067904e-17]
 [ 5.00000000e+00  5.00000000e+00  5.28006458e-17]
 [ 5.00000000e+00  7.50000000e+00  7.11513575e-17]
 [ 5.00000000e+00  1.00000000e+01  0.00000000e+00]
 [ 7.50000000e+00  0.00000000e+00  2.00000000e+00]
 [ 7.50000000e+00  2.50000000e+00  9.98609543e-01]
 [ 7.50000000e+00  5.00000000e+00  7.58364026e-17]
 [ 7.50000000e+00  7.50000000e+00 -9.98609543e-01]
 [ 7.50000000e+00  1.00000000e+01 -2.00000000e+00]
 [ 1.00000000e+01  0.00000000e+00  4.00000000e+00]
 [ 1.00000000e+01  2.50000000e+00  2.00000000e+00]
 [ 1.00000000e+01  5.00000000e+00  0.00000000e+00]
 [ 1.00000000e+01  7.50000000e+00 -2.00000000e+00]
 [ 1.00000000e+01  1.00000000e+01 -4.00000000e+00]]


#-------------------------
Total Len = 330.000,
Max error = 0.000

######################
# ITERATION: 19
# SOLVER: DR_leap
######################

######################
# FINAL STRUCTURE
######################

Final Nodes:
 [[ 0.00000000e+00  0.00000000e+00 -4.00000000e+00]
 [ 0.00000000e+00  2.50000000e+00 -2.00000000e+00]
 [ 0.00000000e+00  5.00000000e+00  0.00000000e+00]
 [ 0.00000000e+00  7.50000000e+00  2.00000000e+00]
 [ 0.00000000e+00  1.00000000e+01  4.00000000e+00]
 [ 2.50000000e+00  0.00000000e+00 -2.00000000e+00]
 [ 2.50000000e+00  2.50000000e+00 -9.98609543e-01]
 [ 2.50000000e+00  5.00000000e+00  3.09940397e-17]
 [ 2.50000000e+00  7.50000000e+00  9.98609543e-01]
 [ 2.50000000e+00  1.00000000e+01  2.00000000e+00]
 [ 5.00000000e+00  0.00000000e+00  0.00000000e+00]
 [ 5.00000000e+00  2.50000000e+00  3.26067904e-17]
 [ 5.00000000e+00  5.00000000e+00  5.28006458e-17]
 [ 5.00000000e+00  7.50000000e+00  7.11513575e-17]
 [ 5.00000000e+00  1.00000000e+01  0.00000000e+00]
 [ 7.50000000e+00  0.00000000e+00  2.00000000e+00]
 [ 7.50000000e+00  2.50000000e+00  9.98609543e-01]
 [ 7.50000000e+00  5.00000000e+00  7.58364026e-17]
 [ 7.50000000e+00  7.50000000e+00 -9.98609543e-01]
 [ 7.50000000e+00  1.00000000e+01 -2.00000000e+00]
 [ 1.00000000e+01  0.00000000e+00  4.00000000e+00]
 [ 1.00000000e+01  2.50000000e+00  2.00000000e+00]
 [ 1.00000000e+01  5.00000000e+00  0.00000000e+00]
 [ 1.00000000e+01  7.50000000e+00 -2.00000000e+00]
 [ 1.00000000e+01  1.00000000e+01 -4.00000000e+00]]

Final Element Lengths:
 [3.20156212 3.20156212 2.69309912 3.20156212 2.5        3.20156212
 2.69309912 3.20156212 3.20156212 3.20156212 2.69309912 2.69206631
 2.69206631 2.5        2.69206631 2.69206631 2.69309912 3.20156212
 3.20156212 2.5        2.69206631 2.5        2.5        2.5
 2.69206631 2.5        3.20156212 3.20156212 2.69309912 2.69309912
 2.69206631 2.5        2.69206631 2.69309912 2.69309912 3.20156212
 3.20156212 3.20156212 3.20156212 3.20156212]

Final Element Forces:
 [3.20156212 3.20156212 2.69309912 3.20156212 2.5        3.20156212
 2.69309912 3.20156212 3.20156212 3.20156212 2.69309912 2.69206631
 2.69206631 2.5        2.69206631 2.69206631 2.69309912 3.20156212
 3.20156212 2.5        2.69206631 2.5        2.5        2.5
 2.69206631 2.5        3.20156212 3.20156212 2.69309912 2.69309912
 2.69206631 2.5        2.69206631 2.69309912 2.69309912 3.20156212
 3.20156212 3.20156212 3.20156212 3.20156212]

Final Element Force Densities:
 [1. 1. 1. 1. 1. 1. 1. 1. 1. 1. 1. 1. 1. 1. 1. 1. 1. 1. 1. 1. 1. 1. 1. 1.
 1. 1. 1. 1. 1. 1. 1. 1. 1. 1. 1. 1. 1. 1. 1. 1.]

Final Element Forces (f/f_avg):
 [1.12034477 1.12034477 0.9424148  1.12034477 0.87484229 1.12034477
 0.9424148  1.12034477 1.12034477 1.12034477 0.9424148  0.94205338
 0.94205338 0.87484229 0.94205338 0.94205338 0.9424148  1.12034477
 1.12034477 0.87484229 0.94205338 0.87484229 0.87484229 0.87484229
 0.94205338 0.87484229 1.12034477 1.12034477 0.9424148  0.9424148
 0.94205338 0.87484229 0.94205338 0.9424148  0.9424148  1.12034477
 1.12034477 1.12034477 1.12034477 1.12034477]
